	window	SMA_cbio_all	SMA_clinvar_all	cbio-clinvar	0line	difference_square	2.5SD	-2.5SD	max	min
0	25	0.06060606060606061	0.08421052631578947	-0.023604465709728864	0	0.0005571708014417658	0.09632511916118684	-0.09632511916118684	0.5	-0.5
1	26	0.06060606060606061	0.08421052631578947	-0.023604465709728864	0	0.0005571708014417658	0.09632511916118684	-0.09632511916118684	0.5	-0.5
2	27	0.06060606060606061	0.08421052631578947	-0.023604465709728864	0	0.0005571708014417658	0.09632511916118684	-0.09632511916118684	0.5	-0.5
3	28	0.06060606060606061	0.08421052631578947	-0.023604465709728864	0	0.0005571708014417658	0.09632511916118684	-0.09632511916118684	0.5	-0.5
4	29	0.06060606060606061	0.08421052631578947	-0.023604465709728864	0	0.0005571708014417658	0.09632511916118684	-0.09632511916118684	0.5	-0.5
5	30	0.050505050505050504	0.08421052631578947	-0.03370547581073897	0	0.0011360590996283098	0.09632511916118684	-0.09632511916118684	0.5	-0.5
6	31	0.050505050505050504	0.08421052631578947	-0.03370547581073897	0	0.0011360590996283098	0.09632511916118684	-0.09632511916118684	0.5	-0.5
7	32	0.050505050505050504	0.08421052631578947	-0.03370547581073897	0	0.0011360590996283098	0.09632511916118684	-0.09632511916118684	0.5	-0.5
8	33	0.06565656565656566	0.10526315789473684	-0.03960659223817117	0	0.001568682148720761	0.09632511916118684	-0.09632511916118684	0.5	-0.5
9	34	0.06565656565656566	0.09473684210526316	-0.029080276448697498	0	0.0008456624783326704	0.09632511916118684	-0.09632511916118684	0.5	-0.5
10	35	0.0707070707070707	0.09473684210526316	-0.024029771398192457	0	0.0005774299134493882	0.09632511916118684	-0.09632511916118684	0.5	-0.5
11	36	0.0707070707070707	0.09473684210526316	-0.024029771398192457	0	0.0005774299134493882	0.09632511916118684	-0.09632511916118684	0.5	-0.5
12	37	0.0707070707070707	0.09473684210526316	-0.024029771398192457	0	0.0005774299134493882	0.09632511916118684	-0.09632511916118684	0.5	-0.5
13	38	0.0707070707070707	0.07368421052631578	-0.002977139819245078	0	8.863361503334616e-06	0.09632511916118684	-0.09632511916118684	0.5	-0.5
14	39	0.08080808080808081	0.07368421052631578	0.007123870281765032	0	5.0749527791415e-05	0.09632511916118684	-0.09632511916118684	0.5	-0.5
15	40	0.07575757575757576	0.06315789473684211	0.012599681020733652	0	0.00015875196182423582	0.09632511916118684	-0.09632511916118684	0.5	-0.5
16	41	0.07575757575757576	0.06315789473684211	0.012599681020733652	0	0.00015875196182423582	0.09632511916118684	-0.09632511916118684	0.5	-0.5
17	42	0.08080808080808081	0.06315789473684211	0.017650186071238708	0	0.00031152906834934886	0.09632511916118684	-0.09632511916118684	0.5	-0.5
18	43	0.08585858585858586	0.06315789473684211	0.02270069112174375	0	0.0005153213774048155	0.09632511916118684	-0.09632511916118684	0.5	-0.5
19	44	0.08585858585858586	0.06315789473684211	0.02270069112174375	0	0.0005153213774048155	0.09632511916118684	-0.09632511916118684	0.5	-0.5
20	45	0.08585858585858586	0.06315789473684211	0.02270069112174375	0	0.0005153213774048155	0.09632511916118684	-0.09632511916118684	0.5	-0.5
21	46	0.07575757575757576	0.042105263157894736	0.033652312599681024	0	0.00113247814330665	0.09632511916118684	-0.09632511916118684	0.5	-0.5
22	47	0.07575757575757576	0.042105263157894736	0.033652312599681024	0	0.00113247814330665	0.09632511916118684	-0.09632511916118684	0.5	-0.5
23	48	0.07575757575757576	0.042105263157894736	0.033652312599681024	0	0.00113247814330665	0.09632511916118684	-0.09632511916118684	0.5	-0.5
24	49	0.07575757575757576	0.042105263157894736	0.033652312599681024	0	0.00113247814330665	0.09632511916118684	-0.09632511916118684	0.5	-0.5
25	50	0.07575757575757576	0.042105263157894736	0.033652312599681024	0	0.00113247814330665	0.09632511916118684	-0.09632511916118684	0.5	-0.5
26	51	0.07575757575757576	0.042105263157894736	0.033652312599681024	0	0.00113247814330665	0.09632511916118684	-0.09632511916118684	0.5	-0.5
27	52	0.07575757575757576	0.042105263157894736	0.033652312599681024	0	0.00113247814330665	0.09632511916118684	-0.09632511916118684	0.5	-0.5
28	53	0.08585858585858586	0.042105263157894736	0.04375332270069112	0	0.001914353247350813	0.09632511916118684	-0.09632511916118684	0.5	-0.5
29	54	0.08585858585858586	0.042105263157894736	0.04375332270069112	0	0.001914353247350813	0.09632511916118684	-0.09632511916118684	0.5	-0.5
30	55	0.10101010101010101	0.05263157894736842	0.04837852206273259	0	0.002340481396974304	0.09632511916118684	-0.09632511916118684	0.5	-0.5
31	56	0.10606060606060606	0.05263157894736842	0.053429027113237645	0	0.0028546609382670836	0.09632511916118684	-0.09632511916118684	0.5	-0.5
32	57	0.10101010101010101	0.05263157894736842	0.04837852206273259	0	0.002340481396974304	0.09632511916118684	-0.09632511916118684	0.5	-0.5
33	58	0.10101010101010101	0.05263157894736842	0.04837852206273259	0	0.002340481396974304	0.09632511916118684	-0.09632511916118684	0.5	-0.5
34	59	0.10101010101010101	0.05263157894736842	0.04837852206273259	0	0.002340481396974304	0.09632511916118684	-0.09632511916118684	0.5	-0.5
35	60	0.10606060606060606	0.05263157894736842	0.053429027113237645	0	0.0028546609382670836	0.09632511916118684	-0.09632511916118684	0.5	-0.5
36	61	0.10606060606060606	0.06315789473684211	0.042902711323763956	0	0.001840642638930224	0.09632511916118684	-0.09632511916118684	0.5	-0.5
37	62	0.10606060606060606	0.06315789473684211	0.042902711323763956	0	0.001840642638930224	0.09632511916118684	-0.09632511916118684	0.5	-0.5
38	63	0.10606060606060606	0.06315789473684211	0.042902711323763956	0	0.001840642638930224	0.09632511916118684	-0.09632511916118684	0.5	-0.5
39	64	0.10606060606060606	0.06315789473684211	0.042902711323763956	0	0.001840642638930224	0.09632511916118684	-0.09632511916118684	0.5	-0.5
40	65	0.10101010101010101	0.06315789473684211	0.0378522062732589	0	0.0014327895197533405	0.09632511916118684	-0.09632511916118684	0.5	-0.5
41	66	0.10101010101010101	0.06315789473684211	0.0378522062732589	0	0.0014327895197533405	0.09632511916118684	-0.09632511916118684	0.5	-0.5
42	67	0.10606060606060606	0.06315789473684211	0.042902711323763956	0	0.001840642638930224	0.09632511916118684	-0.09632511916118684	0.5	-0.5
43	68	0.10101010101010101	0.05263157894736842	0.04837852206273259	0	0.002340481396974304	0.09632511916118684	-0.09632511916118684	0.5	-0.5
44	69	0.10101010101010101	0.05263157894736842	0.04837852206273259	0	0.002340481396974304	0.09632511916118684	-0.09632511916118684	0.5	-0.5
45	70	0.10101010101010101	0.05263157894736842	0.04837852206273259	0	0.002340481396974304	0.09632511916118684	-0.09632511916118684	0.5	-0.5
46	71	0.10101010101010101	0.05263157894736842	0.04837852206273259	0	0.002340481396974304	0.09632511916118684	-0.09632511916118684	0.5	-0.5
47	72	0.10101010101010101	0.05263157894736842	0.04837852206273259	0	0.002340481396974304	0.09632511916118684	-0.09632511916118684	0.5	-0.5
48	73	0.10101010101010101	0.05263157894736842	0.04837852206273259	0	0.002340481396974304	0.09632511916118684	-0.09632511916118684	0.5	-0.5
49	74	0.10101010101010101	0.042105263157894736	0.05890483785220627	0	0.003469779922394713	0.09632511916118684	-0.09632511916118684	0.5	-0.5
50	75	0.10101010101010101	0.042105263157894736	0.05890483785220627	0	0.003469779922394713	0.09632511916118684	-0.09632511916118684	0.5	-0.5
51	76	0.10101010101010101	0.042105263157894736	0.05890483785220627	0	0.003469779922394713	0.09632511916118684	-0.09632511916118684	0.5	-0.5
52	77	0.10101010101010101	0.05263157894736842	0.04837852206273259	0	0.002340481396974304	0.09632511916118684	-0.09632511916118684	0.5	-0.5
53	78	0.10101010101010101	0.05263157894736842	0.04837852206273259	0	0.002340481396974304	0.09632511916118684	-0.09632511916118684	0.5	-0.5
54	79	0.10606060606060606	0.05263157894736842	0.053429027113237645	0	0.0028546609382670836	0.09632511916118684	-0.09632511916118684	0.5	-0.5
55	80	0.10606060606060606	0.05263157894736842	0.053429027113237645	0	0.0028546609382670836	0.09632511916118684	-0.09632511916118684	0.5	-0.5
56	81	0.1111111111111111	0.05263157894736842	0.05847953216374269	0	0.0034198556820902153	0.09632511916118684	-0.09632511916118684	0.5	-0.5
57	82	0.1111111111111111	0.05263157894736842	0.05847953216374269	0	0.0034198556820902153	0.09632511916118684	-0.09632511916118684	0.5	-0.5
58	83	0.08585858585858586	0.031578947368421054	0.0542796384901648	0	0.0029462791546229802	0.09632511916118684	-0.09632511916118684	0.5	-0.5
59	84	0.08585858585858586	0.031578947368421054	0.0542796384901648	0	0.0029462791546229802	0.09632511916118684	-0.09632511916118684	0.5	-0.5
60	85	0.09090909090909091	0.031578947368421054	0.05933014354066986	0	0.0035200659325564892	0.09632511916118684	-0.09632511916118684	0.5	-0.5
61	86	0.09090909090909091	0.031578947368421054	0.05933014354066986	0	0.0035200659325564892	0.09632511916118684	-0.09632511916118684	0.5	-0.5
62	87	0.09595959595959595	0.031578947368421054	0.0643806485911749	0	0.00414486791302035	0.09632511916118684	-0.09632511916118684	0.5	-0.5
63	88	0.09595959595959595	0.031578947368421054	0.0643806485911749	0	0.00414486791302035	0.09632511916118684	-0.09632511916118684	0.5	-0.5
64	89	0.08585858585858586	0.031578947368421054	0.0542796384901648	0	0.0029462791546229802	0.09632511916118684	-0.09632511916118684	0.5	-0.5
65	90	0.10101010101010101	0.042105263157894736	0.05890483785220627	0	0.003469779922394713	0.09632511916118684	-0.09632511916118684	0.5	-0.5
66	91	0.10101010101010101	0.042105263157894736	0.05890483785220627	0	0.003469779922394713	0.09632511916118684	-0.09632511916118684	0.5	-0.5
67	92	0.10101010101010101	0.042105263157894736	0.05890483785220627	0	0.003469779922394713	0.09632511916118684	-0.09632511916118684	0.5	-0.5
68	93	0.10101010101010101	0.042105263157894736	0.05890483785220627	0	0.003469779922394713	0.09632511916118684	-0.09632511916118684	0.5	-0.5
69	94	0.10101010101010101	0.042105263157894736	0.05890483785220627	0	0.003469779922394713	0.09632511916118684	-0.09632511916118684	0.5	-0.5
70	95	0.10101010101010101	0.042105263157894736	0.05890483785220627	0	0.003469779922394713	0.09632511916118684	-0.09632511916118684	0.5	-0.5
71	96	0.10606060606060606	0.042105263157894736	0.06395534290271132	0	0.004090285885803387	0.09632511916118684	-0.09632511916118684	0.5	-0.5
72	97	0.10606060606060606	0.042105263157894736	0.06395534290271132	0	0.004090285885803387	0.09632511916118684	-0.09632511916118684	0.5	-0.5
73	98	0.10606060606060606	0.042105263157894736	0.06395534290271132	0	0.004090285885803387	0.09632511916118684	-0.09632511916118684	0.5	-0.5
74	99	0.10606060606060606	0.042105263157894736	0.06395534290271132	0	0.004090285885803387	0.09632511916118684	-0.09632511916118684	0.5	-0.5
75	100	0.10606060606060606	0.042105263157894736	0.06395534290271132	0	0.004090285885803387	0.09632511916118684	-0.09632511916118684	0.5	-0.5
76	101	0.10606060606060606	0.042105263157894736	0.06395534290271132	0	0.004090285885803387	0.09632511916118684	-0.09632511916118684	0.5	-0.5
77	102	0.1111111111111111	0.042105263157894736	0.06900584795321638	0	0.004761807051742417	0.09632511916118684	-0.09632511916118684	0.5	-0.5
78	103	0.10101010101010101	0.05263157894736842	0.04837852206273259	0	0.002340481396974304	0.09632511916118684	-0.09632511916118684	0.5	-0.5
79	104	0.10101010101010101	0.05263157894736842	0.04837852206273259	0	0.002340481396974304	0.09632511916118684	-0.09632511916118684	0.5	-0.5
80	105	0.08585858585858586	0.042105263157894736	0.04375332270069112	0	0.001914353247350813	0.09632511916118684	-0.09632511916118684	0.5	-0.5
81	106	0.08080808080808081	0.042105263157894736	0.03870281765018608	0	0.0014979080940635552	0.09632511916118684	-0.09632511916118684	0.5	-0.5
82	107	0.07575757575757576	0.042105263157894736	0.033652312599681024	0	0.00113247814330665	0.09632511916118684	-0.09632511916118684	0.5	-0.5
83	108	0.07575757575757576	0.042105263157894736	0.033652312599681024	0	0.00113247814330665	0.09632511916118684	-0.09632511916118684	0.5	-0.5
84	109	0.08080808080808081	0.042105263157894736	0.03870281765018608	0	0.0014979080940635552	0.09632511916118684	-0.09632511916118684	0.5	-0.5
85	110	0.07575757575757576	0.042105263157894736	0.033652312599681024	0	0.00113247814330665	0.09632511916118684	-0.09632511916118684	0.5	-0.5
86	111	0.08080808080808081	0.031578947368421054	0.04922913343965976	0	0.0024235075792198267	0.09632511916118684	-0.09632511916118684	0.5	-0.5
87	112	0.08080808080808081	0.031578947368421054	0.04922913343965976	0	0.0024235075792198267	0.09632511916118684	-0.09632511916118684	0.5	-0.5
88	113	0.08585858585858586	0.031578947368421054	0.0542796384901648	0	0.0029462791546229802	0.09632511916118684	-0.09632511916118684	0.5	-0.5
89	114	0.08585858585858586	0.031578947368421054	0.0542796384901648	0	0.0029462791546229802	0.09632511916118684	-0.09632511916118684	0.5	-0.5
90	115	0.08585858585858586	0.031578947368421054	0.0542796384901648	0	0.0029462791546229802	0.09632511916118684	-0.09632511916118684	0.5	-0.5
91	116	0.08585858585858586	0.031578947368421054	0.0542796384901648	0	0.0029462791546229802	0.09632511916118684	-0.09632511916118684	0.5	-0.5
92	117	0.08585858585858586	0.031578947368421054	0.0542796384901648	0	0.0029462791546229802	0.09632511916118684	-0.09632511916118684	0.5	-0.5
93	118	0.08585858585858586	0.031578947368421054	0.0542796384901648	0	0.0029462791546229802	0.09632511916118684	-0.09632511916118684	0.5	-0.5
94	119	0.08585858585858586	0.031578947368421054	0.0542796384901648	0	0.0029462791546229802	0.09632511916118684	-0.09632511916118684	0.5	-0.5
95	120	0.08585858585858586	0.031578947368421054	0.0542796384901648	0	0.0029462791546229802	0.09632511916118684	-0.09632511916118684	0.5	-0.5
96	121	0.08585858585858586	0.031578947368421054	0.0542796384901648	0	0.0029462791546229802	0.09632511916118684	-0.09632511916118684	0.5	-0.5
97	122	0.08585858585858586	0.031578947368421054	0.0542796384901648	0	0.0029462791546229802	0.09632511916118684	-0.09632511916118684	0.5	-0.5
98	123	0.08585858585858586	0.031578947368421054	0.0542796384901648	0	0.0029462791546229802	0.09632511916118684	-0.09632511916118684	0.5	-0.5
99	124	0.08585858585858586	0.031578947368421054	0.0542796384901648	0	0.0029462791546229802	0.09632511916118684	-0.09632511916118684	0.5	-0.5
100	125	0.08585858585858586	0.031578947368421054	0.0542796384901648	0	0.0029462791546229802	0.09632511916118684	-0.09632511916118684	0.5	-0.5
101	126	0.09595959595959595	0.05263157894736842	0.043328017012227535	0	0.0018773170582118788	0.09632511916118684	-0.09632511916118684	0.5	-0.5
102	127	0.10101010101010101	0.042105263157894736	0.05890483785220627	0	0.003469779922394713	0.09632511916118684	-0.09632511916118684	0.5	-0.5
103	128	0.10101010101010101	0.042105263157894736	0.05890483785220627	0	0.003469779922394713	0.09632511916118684	-0.09632511916118684	0.5	-0.5
104	129	0.09595959595959595	0.042105263157894736	0.05385433280170122	0	0.0029002891615163917	0.09632511916118684	-0.09632511916118684	0.5	-0.5
105	130	0.09595959595959595	0.042105263157894736	0.05385433280170122	0	0.0029002891615163917	0.09632511916118684	-0.09632511916118684	0.5	-0.5
106	131	0.09595959595959595	0.042105263157894736	0.05385433280170122	0	0.0029002891615163917	0.09632511916118684	-0.09632511916118684	0.5	-0.5
107	132	0.11616161616161616	0.042105263157894736	0.07405635300372143	0	0.0054843434202118	0.09632511916118684	-0.09632511916118684	0.5	-0.5
108	133	0.11616161616161616	0.042105263157894736	0.07405635300372143	0	0.0054843434202118	0.09632511916118684	-0.09632511916118684	0.5	-0.5
109	134	0.11616161616161616	0.042105263157894736	0.07405635300372143	0	0.0054843434202118	0.09632511916118684	-0.09632511916118684	0.5	-0.5
110	135	0.11616161616161616	0.042105263157894736	0.07405635300372143	0	0.0054843434202118	0.09632511916118684	-0.09632511916118684	0.5	-0.5
111	136	0.11616161616161616	0.042105263157894736	0.07405635300372143	0	0.0054843434202118	0.09632511916118684	-0.09632511916118684	0.5	-0.5
112	137	0.1111111111111111	0.042105263157894736	0.06900584795321638	0	0.004761807051742417	0.09632511916118684	-0.09632511916118684	0.5	-0.5
113	138	0.1111111111111111	0.042105263157894736	0.06900584795321638	0	0.004761807051742417	0.09632511916118684	-0.09632511916118684	0.5	-0.5
114	139	0.11616161616161616	0.042105263157894736	0.07405635300372143	0	0.0054843434202118	0.09632511916118684	-0.09632511916118684	0.5	-0.5
115	140	0.10101010101010101	0.031578947368421054	0.06943115364167995	0	0.004820685096014568	0.09632511916118684	-0.09632511916118684	0.5	-0.5
116	141	0.10101010101010101	0.042105263157894736	0.05890483785220627	0	0.003469779922394713	0.09632511916118684	-0.09632511916118684	0.5	-0.5
117	142	0.09595959595959595	0.042105263157894736	0.05385433280170122	0	0.0029002891615163917	0.09632511916118684	-0.09632511916118684	0.5	-0.5
118	143	0.09090909090909091	0.042105263157894736	0.048803827751196176	0	0.0023818136031684258	0.09632511916118684	-0.09632511916118684	0.5	-0.5
119	144	0.10606060606060606	0.05263157894736842	0.053429027113237645	0	0.0028546609382670836	0.09632511916118684	-0.09632511916118684	0.5	-0.5
120	145	0.10606060606060606	0.05263157894736842	0.053429027113237645	0	0.0028546609382670836	0.09632511916118684	-0.09632511916118684	0.5	-0.5
121	146	0.10101010101010101	0.05263157894736842	0.04837852206273259	0	0.002340481396974304	0.09632511916118684	-0.09632511916118684	0.5	-0.5
122	147	0.10101010101010101	0.05263157894736842	0.04837852206273259	0	0.002340481396974304	0.09632511916118684	-0.09632511916118684	0.5	-0.5
123	148	0.10101010101010101	0.05263157894736842	0.04837852206273259	0	0.002340481396974304	0.09632511916118684	-0.09632511916118684	0.5	-0.5
124	149	0.10606060606060606	0.07368421052631578	0.03237639553429028	0	0.0010482309877928116	0.09632511916118684	-0.09632511916118684	0.5	-0.5
125	150	0.1111111111111111	0.07368421052631578	0.03742690058479532	0	0.0014007728873841525	0.09632511916118684	-0.09632511916118684	0.5	-0.5
126	151	0.12121212121212122	0.07368421052631578	0.04752791068580543	0	0.0022589022941578983	0.09632511916118684	-0.09632511916118684	0.5	-0.5
127	152	0.11616161616161616	0.07368421052631578	0.04247740563530038	0	0.0018043299895058483	0.09632511916118684	-0.09632511916118684	0.5	-0.5
128	153	0.11616161616161616	0.07368421052631578	0.04247740563530038	0	0.0018043299895058483	0.09632511916118684	-0.09632511916118684	0.5	-0.5
129	154	0.13131313131313133	0.08421052631578947	0.047102604997341854	0	0.0022186553975356137	0.09632511916118684	-0.09632511916118684	0.5	-0.5
130	155	0.13131313131313133	0.10526315789473684	0.02604997341839449	0	0.0006786011150990595	0.09632511916118684	-0.09632511916118684	0.5	-0.5
131	156	0.13131313131313133	0.10526315789473684	0.02604997341839449	0	0.0006786011150990595	0.09632511916118684	-0.09632511916118684	0.5	-0.5
132	157	0.13131313131313133	0.10526315789473684	0.02604997341839449	0	0.0006786011150990595	0.09632511916118684	-0.09632511916118684	0.5	-0.5
133	158	0.13131313131313133	0.10526315789473684	0.02604997341839449	0	0.0006786011150990595	0.09632511916118684	-0.09632511916118684	0.5	-0.5
134	159	0.12626262626262627	0.10526315789473684	0.020999468367889434	0	0.00044097767173398897	0.09632511916118684	-0.09632511916118684	0.5	-0.5
135	160	0.12626262626262627	0.12631578947368421	-5.316321105794386e-05	0	2.8263270099914844e-09	0.09632511916118684	-0.09632511916118684	0.5	-0.5
136	161	0.12121212121212122	0.1368421052631579	-0.01562998405103669	0	0.00024429640143566126	0.09632511916118684	-0.09632511916118684	0.5	-0.5
137	162	0.12121212121212122	0.1368421052631579	-0.01562998405103669	0	0.00024429640143566126	0.09632511916118684	-0.09632511916118684	0.5	-0.5
138	163	0.11616161616161616	0.1368421052631579	-0.020680489101541744	0	0.0004276826294789868	0.09632511916118684	-0.09632511916118684	0.5	-0.5
139	164	0.11616161616161616	0.1368421052631579	-0.020680489101541744	0	0.0004276826294789868	0.09632511916118684	-0.09632511916118684	0.5	-0.5
140	165	0.1111111111111111	0.1368421052631579	-0.0257309941520468	0	0.0006620840600526666	0.09632511916118684	-0.09632511916118684	0.5	-0.5
141	166	0.1111111111111111	0.1368421052631579	-0.0257309941520468	0	0.0006620840600526666	0.09632511916118684	-0.09632511916118684	0.5	-0.5
142	167	0.11616161616161616	0.1368421052631579	-0.020680489101541744	0	0.0004276826294789868	0.09632511916118684	-0.09632511916118684	0.5	-0.5
143	168	0.12626262626262627	0.1368421052631579	-0.010579479000531633	0	0.0001119253759226898	0.09632511916118684	-0.09632511916118684	0.5	-0.5
144	169	0.12626262626262627	0.1368421052631579	-0.010579479000531633	0	0.0001119253759226898	0.09632511916118684	-0.09632511916118684	0.5	-0.5
145	170	0.12626262626262627	0.1368421052631579	-0.010579479000531633	0	0.0001119253759226898	0.09632511916118684	-0.09632511916118684	0.5	-0.5
146	171	0.12626262626262627	0.1368421052631579	-0.010579479000531633	0	0.0001119253759226898	0.09632511916118684	-0.09632511916118684	0.5	-0.5
147	172	0.12626262626262627	0.1368421052631579	-0.010579479000531633	0	0.0001119253759226898	0.09632511916118684	-0.09632511916118684	0.5	-0.5
148	173	0.12626262626262627	0.1368421052631579	-0.010579479000531633	0	0.0001119253759226898	0.09632511916118684	-0.09632511916118684	0.5	-0.5
149	174	0.12626262626262627	0.1368421052631579	-0.010579479000531633	0	0.0001119253759226898	0.09632511916118684	-0.09632511916118684	0.5	-0.5
150	175	0.12626262626262627	0.1368421052631579	-0.010579479000531633	0	0.0001119253759226898	0.09632511916118684	-0.09632511916118684	0.5	-0.5
151	176	0.11616161616161616	0.12631578947368421	-0.010154173312068054	0	0.00010310723565151512	0.09632511916118684	-0.09632511916118684	0.5	-0.5
152	177	0.11616161616161616	0.12631578947368421	-0.010154173312068054	0	0.00010310723565151512	0.09632511916118684	-0.09632511916118684	0.5	-0.5
153	178	0.11616161616161616	0.12631578947368421	-0.010154173312068054	0	0.00010310723565151512	0.09632511916118684	-0.09632511916118684	0.5	-0.5
154	179	0.11616161616161616	0.12631578947368421	-0.010154173312068054	0	0.00010310723565151512	0.09632511916118684	-0.09632511916118684	0.5	-0.5
155	180	0.12121212121212122	0.12631578947368421	-0.005103668261562999	0	2.6047429724085485e-05	0.09632511916118684	-0.09632511916118684	0.5	-0.5
156	181	0.11616161616161616	0.12631578947368421	-0.010154173312068054	0	0.00010310723565151512	0.09632511916118684	-0.09632511916118684	0.5	-0.5
157	182	0.10101010101010101	0.12631578947368421	-0.025305688463583206	0	0.0006403778686159281	0.09632511916118684	-0.09632511916118684	0.5	-0.5
158	183	0.10606060606060606	0.1368421052631579	-0.03078149920255184	0	0.0009475006931566996	0.09632511916118684	-0.09632511916118684	0.5	-0.5
159	184	0.10606060606060606	0.1368421052631579	-0.03078149920255184	0	0.0009475006931566996	0.09632511916118684	-0.09632511916118684	0.5	-0.5
160	185	0.09595959595959595	0.1368421052631579	-0.04088250930356195	0	0.0016713795669558295	0.09632511916118684	-0.09632511916118684	0.5	-0.5
161	186	0.10101010101010101	0.14736842105263157	-0.04635832004253056	0	0.0021490938371656904	0.09632511916118684	-0.09632511916118684	0.5	-0.5
162	187	0.1111111111111111	0.14736842105263157	-0.03625730994152046	0	0.0013145925241954783	0.09632511916118684	-0.09632511916118684	0.5	-0.5
163	188	0.1111111111111111	0.14736842105263157	-0.03625730994152046	0	0.0013145925241954783	0.09632511916118684	-0.09632511916118684	0.5	-0.5
164	189	0.10606060606060606	0.14736842105263157	-0.0413078149920255	0	0.0017063355794154067	0.09632511916118684	-0.09632511916118684	0.5	-0.5
165	190	0.13131313131313133	0.18947368421052632	-0.058160552897394996	0	0.0033826499133306816	0.09632511916118684	-0.09632511916118684	0.5	-0.5
166	191	0.13131313131313133	0.17894736842105263	-0.04763423710792131	0	0.002269020544853667	0.09632511916118684	-0.09632511916118684	0.5	-0.5
167	192	0.13636363636363635	0.18947368421052632	-0.05311004784688997	0	0.0028206771822989417	0.09632511916118684	-0.09632511916118684	0.5	-0.5
168	193	0.13636363636363635	0.18947368421052632	-0.05311004784688997	0	0.0028206771822989417	0.09632511916118684	-0.09632511916118684	0.5	-0.5
169	194	0.12121212121212122	0.17894736842105263	-0.05773524720893142	0	0.003333358770276423	0.09632511916118684	-0.09632511916118684	0.5	-0.5
170	195	0.12121212121212122	0.17894736842105263	-0.05773524720893142	0	0.003333358770276423	0.09632511916118684	-0.09632511916118684	0.5	-0.5
171	196	0.12626262626262627	0.17894736842105263	-0.05268474215842636	0	0.002775682056299868	0.09632511916118684	-0.09632511916118684	0.5	-0.5
172	197	0.13636363636363635	0.17894736842105263	-0.04258373205741628	0	0.0018133742359378229	0.09632511916118684	-0.09632511916118684	0.5	-0.5
173	198	0.14646464646464646	0.17894736842105263	-0.03248272195640617	0	0.0010551272256971913	0.09632511916118684	-0.09632511916118684	0.5	-0.5
174	199	0.14646464646464646	0.15789473684210525	-0.01143009037745879	0	0.00013064696603687603	0.09632511916118684	-0.09632511916118684	0.5	-0.5
175	200	0.1414141414141414	0.15789473684210525	-0.016480595427963846	0	0.0002716100256602228	0.09632511916118684	-0.09632511916118684	0.5	-0.5
176	201	0.13131313131313133	0.16842105263157894	-0.03710792131844762	0	0.0013769978245760993	0.09632511916118684	-0.09632511916118684	0.5	-0.5
177	202	0.14646464646464646	0.18947368421052632	-0.04300903774587986	0	0.0018497773278265185	0.09632511916118684	-0.09632511916118684	0.5	-0.5
178	203	0.1717171717171717	0.17894736842105263	-0.00723019670388092	0	5.227574437681052e-05	0.09632511916118684	-0.09632511916118684	0.5	-0.5
179	204	0.1717171717171717	0.22105263157894736	-0.04933545986177565	0	0.002433987599772876	0.09632511916118684	-0.09632511916118684	0.5	-0.5
180	205	0.1717171717171717	0.2	-0.0282828282828283	0	0.0007999183756759523	0.09632511916118684	-0.09632511916118684	0.5	-0.5
181	206	0.1717171717171717	0.2	-0.0282828282828283	0	0.0007999183756759523	0.09632511916118684	-0.09632511916118684	0.5	-0.5
182	207	0.1717171717171717	0.21052631578947367	-0.03880914407230196	0	0.0015061496636246904	0.09632511916118684	-0.09632511916118684	0.5	-0.5
183	208	0.1717171717171717	0.21052631578947367	-0.03880914407230196	0	0.0015061496636246904	0.09632511916118684	-0.09632511916118684	0.5	-0.5
184	209	0.17676767676767677	0.21052631578947367	-0.033758639021796905	0	0.0011396457086039887	0.09632511916118684	-0.09632511916118684	0.5	-0.5
185	210	0.18181818181818182	0.18947368421052632	-0.007655502392344499	0	5.860671687919234e-05	0.09632511916118684	-0.09632511916118684	0.5	-0.5
186	211	0.18686868686868688	0.17894736842105263	0.007921318447634246	0	6.274728594883061e-05	0.09632511916118684	-0.09632511916118684	0.5	-0.5
187	212	0.18686868686868688	0.17894736842105263	0.007921318447634246	0	6.274728594883061e-05	0.09632511916118684	-0.09632511916118684	0.5	-0.5
188	213	0.19696969696969696	0.17894736842105263	0.01802232854864433	0	0.0003248043263152804	0.09632511916118684	-0.09632511916118684	0.5	-0.5
189	214	0.19696969696969696	0.17894736842105263	0.01802232854864433	0	0.0003248043263152804	0.09632511916118684	-0.09632511916118684	0.5	-0.5
190	215	0.19696969696969696	0.17894736842105263	0.01802232854864433	0	0.0003248043263152804	0.09632511916118684	-0.09632511916118684	0.5	-0.5
191	216	0.19696969696969696	0.17894736842105263	0.01802232854864433	0	0.0003248043263152804	0.09632511916118684	-0.09632511916118684	0.5	-0.5
192	217	0.19696969696969696	0.17894736842105263	0.01802232854864433	0	0.0003248043263152804	0.09632511916118684	-0.09632511916118684	0.5	-0.5
193	218	0.18686868686868688	0.17894736842105263	0.007921318447634246	0	6.274728594883061e-05	0.09632511916118684	-0.09632511916118684	0.5	-0.5
194	219	0.18686868686868688	0.17894736842105263	0.007921318447634246	0	6.274728594883061e-05	0.09632511916118684	-0.09632511916118684	0.5	-0.5
195	220	0.18686868686868688	0.17894736842105263	0.007921318447634246	0	6.274728594883061e-05	0.09632511916118684	-0.09632511916118684	0.5	-0.5
196	221	0.18686868686868688	0.17894736842105263	0.007921318447634246	0	6.274728594883061e-05	0.09632511916118684	-0.09632511916118684	0.5	-0.5
197	222	0.1919191919191919	0.17894736842105263	0.012971823498139273	0	0.00016826820486687822	0.09632511916118684	-0.09632511916118684	0.5	-0.5
198	223	0.19696969696969696	0.17894736842105263	0.01802232854864433	0	0.0003248043263152804	0.09632511916118684	-0.09632511916118684	0.5	-0.5
199	224	0.19696969696969696	0.17894736842105263	0.01802232854864433	0	0.0003248043263152804	0.09632511916118684	-0.09632511916118684	0.5	-0.5
200	225	0.19696969696969696	0.17894736842105263	0.01802232854864433	0	0.0003248043263152804	0.09632511916118684	-0.09632511916118684	0.5	-0.5
201	226	0.19696969696969696	0.17894736842105263	0.01802232854864433	0	0.0003248043263152804	0.09632511916118684	-0.09632511916118684	0.5	-0.5
202	227	0.1919191919191919	0.17894736842105263	0.012971823498139273	0	0.00016826820486687822	0.09632511916118684	-0.09632511916118684	0.5	-0.5
203	228	0.1919191919191919	0.17894736842105263	0.012971823498139273	0	0.00016826820486687822	0.09632511916118684	-0.09632511916118684	0.5	-0.5
204	229	0.1919191919191919	0.17894736842105263	0.012971823498139273	0	0.00016826820486687822	0.09632511916118684	-0.09632511916118684	0.5	-0.5
205	230	0.18686868686868688	0.17894736842105263	0.007921318447634246	0	6.274728594883061e-05	0.09632511916118684	-0.09632511916118684	0.5	-0.5
206	231	0.20202020202020202	0.17894736842105263	0.023072833599149384	0	0.0005323556502940367	0.09632511916118684	-0.09632511916118684	0.5	-0.5
207	232	0.19696969696969696	0.17894736842105263	0.01802232854864433	0	0.0003248043263152804	0.09632511916118684	-0.09632511916118684	0.5	-0.5
208	233	0.1919191919191919	0.16842105263157894	0.023498139287612962	0	0.0005521625499800598	0.09632511916118684	-0.09632511916118684	0.5	-0.5
209	234	0.1919191919191919	0.16842105263157894	0.023498139287612962	0	0.0005521625499800598	0.09632511916118684	-0.09632511916118684	0.5	-0.5
210	235	0.1919191919191919	0.16842105263157894	0.023498139287612962	0	0.0005521625499800598	0.09632511916118684	-0.09632511916118684	0.5	-0.5
211	236	0.18686868686868688	0.15789473684210525	0.028973950026581624	0	0.0008394897801428493	0.09632511916118684	-0.09632511916118684	0.5	-0.5
212	237	0.17676767676767677	0.15789473684210525	0.018872939925571514	0	0.0003561878614342313	0.09632511916118684	-0.09632511916118684	0.5	-0.5
213	238	0.17676767676767677	0.15789473684210525	0.018872939925571514	0	0.0003561878614342313	0.09632511916118684	-0.09632511916118684	0.5	-0.5
214	239	0.18181818181818182	0.15789473684210525	0.02392344497607657	0	0.0005723312195233632	0.09632511916118684	-0.09632511916118684	0.5	-0.5
215	240	0.15656565656565657	0.11578947368421053	0.04077618288144605	0	0.0016626970903811339	0.09632511916118684	-0.09632511916118684	0.5	-0.5
216	241	0.15656565656565657	0.11578947368421053	0.04077618288144605	0	0.0016626970903811339	0.09632511916118684	-0.09632511916118684	0.5	-0.5
217	242	0.15656565656565657	0.12631578947368421	0.03024986709197236	0	0.0009150544590819924	0.09632511916118684	-0.09632511916118684	0.5	-0.5
218	243	0.15656565656565657	0.12631578947368421	0.03024986709197236	0	0.0009150544590819924	0.09632511916118684	-0.09632511916118684	0.5	-0.5
219	244	0.15656565656565657	0.1368421052631579	0.01972355130249867	0	0.000389018475982297	0.09632511916118684	-0.09632511916118684	0.5	-0.5
220	245	0.15656565656565657	0.1368421052631579	0.01972355130249867	0	0.000389018475982297	0.09632511916118684	-0.09632511916118684	0.5	-0.5
221	246	0.15151515151515152	0.1368421052631579	0.014673046251993616	0	0.0002152982863131439	0.09632511916118684	-0.09632511916118684	0.5	-0.5
222	247	0.1414141414141414	0.1368421052631579	0.004572036150983505	0	2.0903514565900065e-05	0.09632511916118684	-0.09632511916118684	0.5	-0.5
223	248	0.13131313131313133	0.1368421052631579	-0.005528973950026578	0	3.05695529400725e-05	0.09632511916118684	-0.09632511916118684	0.5	-0.5
224	249	0.12626262626262627	0.1368421052631579	-0.010579479000531633	0	0.0001119253759226898	0.09632511916118684	-0.09632511916118684	0.5	-0.5
225	250	0.13636363636363635	0.14736842105263157	-0.011004784688995212	0	0.00012110528605114344	0.09632511916118684	-0.09632511916118684	0.5	-0.5
226	251	0.13636363636363635	0.14736842105263157	-0.011004784688995212	0	0.00012110528605114344	0.09632511916118684	-0.09632511916118684	0.5	-0.5
227	252	0.12121212121212122	0.12631578947368421	-0.005103668261562999	0	2.6047429724085485e-05	0.09632511916118684	-0.09632511916118684	0.5	-0.5
228	253	0.09595959595959595	0.12631578947368421	-0.03035619351408826	0	0.0009214984846647742	0.09632511916118684	-0.09632511916118684	0.5	-0.5
229	254	0.08585858585858586	0.07368421052631578	0.012174375332270074	0	0.00014821541473098606	0.09632511916118684	-0.09632511916118684	0.5	-0.5
230	255	0.08585858585858586	0.07368421052631578	0.012174375332270074	0	0.00014821541473098606	0.09632511916118684	-0.09632511916118684	0.5	-0.5
231	256	0.08585858585858586	0.09473684210526316	-0.008878256246677305	0	7.882343398166458e-05	0.09632511916118684	-0.09632511916118684	0.5	-0.5
232	257	0.08585858585858586	0.08421052631578947	0.0016480595427963846	0	2.716100256602228e-06	0.09632511916118684	-0.09632511916118684	0.5	-0.5
233	258	0.08585858585858586	0.08421052631578947	0.0016480595427963846	0	2.716100256602228e-06	0.09632511916118684	-0.09632511916118684	0.5	-0.5
234	259	0.08080808080808081	0.08421052631578947	-0.003402445507708657	0	1.157663543292682e-05	0.09632511916118684	-0.09632511916118684	0.5	-0.5
235	260	0.12121212121212122	0.11578947368421053	0.00542264752791069	0	2.9405106211955918e-05	0.09632511916118684	-0.09632511916118684	0.5	-0.5
236	261	0.11616161616161616	0.11578947368421053	0.0003721424774056348	0	1.3849002348960338e-07	0.09632511916118684	-0.09632511916118684	0.5	-0.5
237	262	0.11616161616161616	0.11578947368421053	0.0003721424774056348	0	1.3849002348960338e-07	0.09632511916118684	-0.09632511916118684	0.5	-0.5
238	263	0.1111111111111111	0.11578947368421053	-0.0046783625730994205	0	2.188707636537743e-05	0.09632511916118684	-0.09632511916118684	0.5	-0.5
239	264	0.1111111111111111	0.11578947368421053	-0.0046783625730994205	0	2.188707636537743e-05	0.09632511916118684	-0.09632511916118684	0.5	-0.5
240	265	0.1111111111111111	0.11578947368421053	-0.0046783625730994205	0	2.188707636537743e-05	0.09632511916118684	-0.09632511916118684	0.5	-0.5
241	266	0.11616161616161616	0.11578947368421053	0.0003721424774056348	0	1.3849002348960338e-07	0.09632511916118684	-0.09632511916118684	0.5	-0.5
242	267	0.10606060606060606	0.11578947368421053	-0.009728867623604462	0	9.465086523761912e-05	0.09632511916118684	-0.09632511916118684	0.5	-0.5
243	268	0.10606060606060606	0.11578947368421053	-0.009728867623604462	0	9.465086523761912e-05	0.09632511916118684	-0.09632511916118684	0.5	-0.5
244	269	0.10606060606060606	0.11578947368421053	-0.009728867623604462	0	9.465086523761912e-05	0.09632511916118684	-0.09632511916118684	0.5	-0.5
245	270	0.12626262626262627	0.12631578947368421	-5.316321105794386e-05	0	2.8263270099914844e-09	0.09632511916118684	-0.09632511916118684	0.5	-0.5
246	271	0.12626262626262627	0.12631578947368421	-5.316321105794386e-05	0	2.8263270099914844e-09	0.09632511916118684	-0.09632511916118684	0.5	-0.5
247	272	0.12121212121212122	0.12631578947368421	-0.005103668261562999	0	2.6047429724085485e-05	0.09632511916118684	-0.09632511916118684	0.5	-0.5
248	273	0.11616161616161616	0.12631578947368421	-0.010154173312068054	0	0.00010310723565151512	0.09632511916118684	-0.09632511916118684	0.5	-0.5
249	274	0.11616161616161616	0.12631578947368421	-0.010154173312068054	0	0.00010310723565151512	0.09632511916118684	-0.09632511916118684	0.5	-0.5
250	275	0.11616161616161616	0.12631578947368421	-0.010154173312068054	0	0.00010310723565151512	0.09632511916118684	-0.09632511916118684	0.5	-0.5
251	276	0.11616161616161616	0.11578947368421053	0.0003721424774056348	0	1.3849002348960338e-07	0.09632511916118684	-0.09632511916118684	0.5	-0.5
252	277	0.11616161616161616	0.11578947368421053	0.0003721424774056348	0	1.3849002348960338e-07	0.09632511916118684	-0.09632511916118684	0.5	-0.5
253	278	0.11616161616161616	0.11578947368421053	0.0003721424774056348	0	1.3849002348960338e-07	0.09632511916118684	-0.09632511916118684	0.5	-0.5
254	279	0.11616161616161616	0.11578947368421053	0.0003721424774056348	0	1.3849002348960338e-07	0.09632511916118684	-0.09632511916118684	0.5	-0.5
255	280	0.12626262626262627	0.11578947368421053	0.010473152578415745	0	0.00010968692493077637	0.09632511916118684	-0.09632511916118684	0.5	-0.5
256	281	0.1111111111111111	0.11578947368421053	-0.0046783625730994205	0	2.188707636537743e-05	0.09632511916118684	-0.09632511916118684	0.5	-0.5
257	282	0.1111111111111111	0.11578947368421053	-0.0046783625730994205	0	2.188707636537743e-05	0.09632511916118684	-0.09632511916118684	0.5	-0.5
258	283	0.1111111111111111	0.11578947368421053	-0.0046783625730994205	0	2.188707636537743e-05	0.09632511916118684	-0.09632511916118684	0.5	-0.5
259	284	0.1111111111111111	0.11578947368421053	-0.0046783625730994205	0	2.188707636537743e-05	0.09632511916118684	-0.09632511916118684	0.5	-0.5
260	285	0.11616161616161616	0.1368421052631579	-0.020680489101541744	0	0.0004276826294789868	0.09632511916118684	-0.09632511916118684	0.5	-0.5
261	286	0.11616161616161616	0.1368421052631579	-0.020680489101541744	0	0.0004276826294789868	0.09632511916118684	-0.09632511916118684	0.5	-0.5
262	287	0.11616161616161616	0.14736842105263157	-0.031206804891015405	0	0.000973864671505903	0.09632511916118684	-0.09632511916118684	0.5	-0.5
263	288	0.11616161616161616	0.14736842105263157	-0.031206804891015405	0	0.000973864671505903	0.09632511916118684	-0.09632511916118684	0.5	-0.5
264	289	0.1111111111111111	0.14736842105263157	-0.03625730994152046	0	0.0013145925241954783	0.09632511916118684	-0.09632511916118684	0.5	-0.5
265	290	0.1111111111111111	0.14736842105263157	-0.03625730994152046	0	0.0013145925241954783	0.09632511916118684	-0.09632511916118684	0.5	-0.5
266	291	0.1111111111111111	0.14736842105263157	-0.03625730994152046	0	0.0013145925241954783	0.09632511916118684	-0.09632511916118684	0.5	-0.5
267	292	0.10606060606060606	0.12631578947368421	-0.02025518341307815	0	0.00041027245509743624	0.09632511916118684	-0.09632511916118684	0.5	-0.5
268	293	0.10606060606060606	0.12631578947368421	-0.02025518341307815	0	0.00041027245509743624	0.09632511916118684	-0.09632511916118684	0.5	-0.5
269	294	0.10606060606060606	0.1368421052631579	-0.03078149920255184	0	0.0009475006931566996	0.09632511916118684	-0.09632511916118684	0.5	-0.5
270	295	0.10606060606060606	0.17894736842105263	-0.07288676236044657	0	0.005312480127388211	0.09632511916118684	-0.09632511916118684	0.5	-0.5
271	296	0.10606060606060606	0.17894736842105263	-0.07288676236044657	0	0.005312480127388211	0.09632511916118684	-0.09632511916118684	0.5	-0.5
272	297	0.10606060606060606	0.17894736842105263	-0.07288676236044657	0	0.005312480127388211	0.09632511916118684	-0.09632511916118684	0.5	-0.5
273	298	0.10606060606060606	0.17894736842105263	-0.07288676236044657	0	0.005312480127388211	0.09632511916118684	-0.09632511916118684	0.5	-0.5
274	299	0.10606060606060606	0.17894736842105263	-0.07288676236044657	0	0.005312480127388211	0.09632511916118684	-0.09632511916118684	0.5	-0.5
275	300	0.09595959595959595	0.16842105263157894	-0.07246145667198299	0	0.005250662703025669	0.09632511916118684	-0.09632511916118684	0.5	-0.5
276	301	0.09595959595959595	0.17894736842105263	-0.08298777246145668	0	0.006886970378114508	0.09632511916118684	-0.09632511916118684	0.5	-0.5
277	302	0.09595959595959595	0.17894736842105263	-0.08298777246145668	0	0.006886970378114508	0.09632511916118684	-0.09632511916118684	0.5	-0.5
278	303	0.09595959595959595	0.17894736842105263	-0.08298777246145668	0	0.006886970378114508	0.09632511916118684	-0.09632511916118684	0.5	-0.5
279	304	0.09090909090909091	0.17894736842105263	-0.08803827751196172	0	0.007750738307273185	0.09632511916118684	-0.09632511916118684	0.5	-0.5
280	305	0.09090909090909091	0.17894736842105263	-0.08803827751196172	0	0.007750738307273185	0.09632511916118684	-0.09632511916118684	0.5	-0.5
281	306	0.09090909090909091	0.15789473684210525	-0.06698564593301434	0	0.004487076761063161	0.09632511916118684	-0.09632511916118684	0.5	-0.5
282	307	0.09090909090909091	0.15789473684210525	-0.06698564593301434	0	0.004487076761063161	0.09632511916118684	-0.09632511916118684	0.5	-0.5
283	308	0.09090909090909091	0.15789473684210525	-0.06698564593301434	0	0.004487076761063161	0.09632511916118684	-0.09632511916118684	0.5	-0.5
284	309	0.09090909090909091	0.15789473684210525	-0.06698564593301434	0	0.004487076761063161	0.09632511916118684	-0.09632511916118684	0.5	-0.5
285	310	0.045454545454545456	0.12631578947368421	-0.08086124401913876	0	0.006538540784322704	0.09632511916118684	-0.09632511916118684	0.5	-0.5
286	311	0.050505050505050504	0.12631578947368421	-0.07581073896863372	0	0.0057472681429703186	0.09632511916118684	-0.09632511916118684	0.5	-0.5
287	312	0.050505050505050504	0.12631578947368421	-0.07581073896863372	0	0.0057472681429703186	0.09632511916118684	-0.09632511916118684	0.5	-0.5
288	313	0.045454545454545456	0.1368421052631579	-0.09138755980861245	0	0.008351686087772717	0.09632511916118684	-0.09632511916118684	0.5	-0.5
289	314	0.045454545454545456	0.1368421052631579	-0.09138755980861245	0	0.008351686087772717	0.09632511916118684	-0.09632511916118684	0.5	-0.5
290	315	0.050505050505050504	0.1368421052631579	-0.0863370547581074	0	0.007454087024304437	0.09632511916118684	-0.09632511916118684	0.5	-0.5
291	316	0.050505050505050504	0.1368421052631579	-0.0863370547581074	0	0.007454087024304437	0.09632511916118684	-0.09632511916118684	0.5	-0.5
292	317	0.050505050505050504	0.1368421052631579	-0.0863370547581074	0	0.007454087024304437	0.09632511916118684	-0.09632511916118684	0.5	-0.5
293	318	0.050505050505050504	0.1368421052631579	-0.0863370547581074	0	0.007454087024304437	0.09632511916118684	-0.09632511916118684	0.5	-0.5
294	319	0.050505050505050504	0.1368421052631579	-0.0863370547581074	0	0.007454087024304437	0.09632511916118684	-0.09632511916118684	0.5	-0.5
295	320	0.030303030303030304	0.12631578947368421	-0.09601275917065391	0	0.009218449923561987	0.09632511916118684	-0.09632511916118684	0.5	-0.5
296	321	0.03535353535353535	0.12631578947368421	-0.09096225412014886	0	0.008274131674618537	0.09632511916118684	-0.09632511916118684	0.5	-0.5
297	322	0.03535353535353535	0.12631578947368421	-0.09096225412014886	0	0.008274131674618537	0.09632511916118684	-0.09632511916118684	0.5	-0.5
298	323	0.03535353535353535	0.12631578947368421	-0.09096225412014886	0	0.008274131674618537	0.09632511916118684	-0.09632511916118684	0.5	-0.5
299	324	0.03535353535353535	0.12631578947368421	-0.09096225412014886	0	0.008274131674618537	0.09632511916118684	-0.09632511916118684	0.5	-0.5
300	325	0.03535353535353535	0.12631578947368421	-0.09096225412014886	0	0.008274131674618537	0.09632511916118684	-0.09632511916118684	0.5	-0.5
301	326	0.03535353535353535	0.12631578947368421	-0.09096225412014886	0	0.008274131674618537	0.09632511916118684	-0.09632511916118684	0.5	-0.5
302	327	0.03535353535353535	0.12631578947368421	-0.09096225412014886	0	0.008274131674618537	0.09632511916118684	-0.09632511916118684	0.5	-0.5
303	328	0.045454545454545456	0.12631578947368421	-0.08086124401913876	0	0.006538540784322704	0.09632511916118684	-0.09632511916118684	0.5	-0.5
304	329	0.045454545454545456	0.12631578947368421	-0.08086124401913876	0	0.006538540784322704	0.09632511916118684	-0.09632511916118684	0.5	-0.5
305	330	0.03535353535353535	0.12631578947368421	-0.09096225412014886	0	0.008274131674618537	0.09632511916118684	-0.09632511916118684	0.5	-0.5
306	331	0.03535353535353535	0.12631578947368421	-0.09096225412014886	0	0.008274131674618537	0.09632511916118684	-0.09632511916118684	0.5	-0.5
307	332	0.04040404040404041	0.12631578947368421	-0.0859117490696438	0	0.007380828628205442	0.09632511916118684	-0.09632511916118684	0.5	-0.5
308	333	0.04040404040404041	0.12631578947368421	-0.0859117490696438	0	0.007380828628205442	0.09632511916118684	-0.09632511916118684	0.5	-0.5
309	334	0.04040404040404041	0.12631578947368421	-0.0859117490696438	0	0.007380828628205442	0.09632511916118684	-0.09632511916118684	0.5	-0.5
310	335	0.03535353535353535	0.10526315789473684	-0.06990962254120148	0	0.004887355323853266	0.09632511916118684	-0.09632511916118684	0.5	-0.5
311	336	0.06060606060606061	0.10526315789473684	-0.04465709728867623	0	0.001994256338250294	0.09632511916118684	-0.09632511916118684	0.5	-0.5
312	337	0.06060606060606061	0.09473684210526316	-0.03413078149920255	0	0.0011649102457463073	0.09632511916118684	-0.09632511916118684	0.5	-0.5
313	338	0.06060606060606061	0.09473684210526316	-0.03413078149920255	0	0.0011649102457463073	0.09632511916118684	-0.09632511916118684	0.5	-0.5
314	339	0.06060606060606061	0.09473684210526316	-0.03413078149920255	0	0.0011649102457463073	0.09632511916118684	-0.09632511916118684	0.5	-0.5
315	340	0.06060606060606061	0.09473684210526316	-0.03413078149920255	0	0.0011649102457463073	0.09632511916118684	-0.09632511916118684	0.5	-0.5
316	341	0.06060606060606061	0.09473684210526316	-0.03413078149920255	0	0.0011649102457463073	0.09632511916118684	-0.09632511916118684	0.5	-0.5
317	342	0.06060606060606061	0.09473684210526316	-0.03413078149920255	0	0.0011649102457463073	0.09632511916118684	-0.09632511916118684	0.5	-0.5
318	343	0.06060606060606061	0.09473684210526316	-0.03413078149920255	0	0.0011649102457463073	0.09632511916118684	-0.09632511916118684	0.5	-0.5
319	344	0.06060606060606061	0.08421052631578947	-0.023604465709728864	0	0.0005571708014417658	0.09632511916118684	-0.09632511916118684	0.5	-0.5
320	345	0.06060606060606061	0.042105263157894736	0.018500797448165872	0	0.0003422795062180608	0.09632511916118684	-0.09632511916118684	0.5	-0.5
321	346	0.06060606060606061	0.042105263157894736	0.018500797448165872	0	0.0003422795062180608	0.09632511916118684	-0.09632511916118684	0.5	-0.5
322	347	0.06060606060606061	0.042105263157894736	0.018500797448165872	0	0.0003422795062180608	0.09632511916118684	-0.09632511916118684	0.5	-0.5
323	348	0.06060606060606061	0.042105263157894736	0.018500797448165872	0	0.0003422795062180608	0.09632511916118684	-0.09632511916118684	0.5	-0.5
324	349	0.08585858585858586	0.07368421052631578	0.012174375332270074	0	0.00014821541473098606	0.09632511916118684	-0.09632511916118684	0.5	-0.5
325	350	0.09090909090909091	0.08421052631578947	0.00669856459330144	0	4.487076761063168e-05	0.09632511916118684	-0.09632511916118684	0.5	-0.5
326	351	0.09090909090909091	0.06315789473684211	0.027751196172248804	0	0.0007701288889906367	0.09632511916118684	-0.09632511916118684	0.5	-0.5
327	352	0.09595959595959595	0.06315789473684211	0.032801701222753846	0	0.0010759516031068111	0.09632511916118684	-0.09632511916118684	0.5	-0.5
328	353	0.09595959595959595	0.06315789473684211	0.032801701222753846	0	0.0010759516031068111	0.09632511916118684	-0.09632511916118684	0.5	-0.5
329	354	0.09595959595959595	0.07368421052631578	0.02227538543328017	0	0.0004961927962011904	0.09632511916118684	-0.09632511916118684	0.5	-0.5
330	355	0.09595959595959595	0.07368421052631578	0.02227538543328017	0	0.0004961927962011904	0.09632511916118684	-0.09632511916118684	0.5	-0.5
331	356	0.09595959595959595	0.07368421052631578	0.02227538543328017	0	0.0004961927962011904	0.09632511916118684	-0.09632511916118684	0.5	-0.5
332	357	0.09595959595959595	0.07368421052631578	0.02227538543328017	0	0.0004961927962011904	0.09632511916118684	-0.09632511916118684	0.5	-0.5
333	358	0.09595959595959595	0.07368421052631578	0.02227538543328017	0	0.0004961927962011904	0.09632511916118684	-0.09632511916118684	0.5	-0.5
334	359	0.09595959595959595	0.07368421052631578	0.02227538543328017	0	0.0004961927962011904	0.09632511916118684	-0.09632511916118684	0.5	-0.5
335	360	0.10101010101010101	0.08421052631578947	0.016799574694311536	0	0.00028222570990975255	0.09632511916118684	-0.09632511916118684	0.5	-0.5
336	361	0.09595959595959595	0.08421052631578947	0.011749069643806481	0	0.00013804063749501495	0.09632511916118684	-0.09632511916118684	0.5	-0.5
337	362	0.09595959595959595	0.08421052631578947	0.011749069643806481	0	0.00013804063749501495	0.09632511916118684	-0.09632511916118684	0.5	-0.5
338	363	0.09595959595959595	0.09473684210526316	0.001222753854332792	0	1.4951269882856989e-06	0.09632511916118684	-0.09632511916118684	0.5	-0.5
339	364	0.10101010101010101	0.10526315789473684	-0.004253056884635828	0	1.8088492863948215e-05	0.09632511916118684	-0.09632511916118684	0.5	-0.5
340	365	0.09595959595959595	0.10526315789473684	-0.009303561935140883	0	8.655626468100238e-05	0.09632511916118684	-0.09632511916118684	0.5	-0.5
341	366	0.09090909090909091	0.10526315789473684	-0.014354066985645925	0	0.00020603923902841028	0.09632511916118684	-0.09632511916118684	0.5	-0.5
342	367	0.09090909090909091	0.10526315789473684	-0.014354066985645925	0	0.00020603923902841028	0.09632511916118684	-0.09632511916118684	0.5	-0.5
343	368	0.09090909090909091	0.10526315789473684	-0.014354066985645925	0	0.00020603923902841028	0.09632511916118684	-0.09632511916118684	0.5	-0.5
344	369	0.09090909090909091	0.10526315789473684	-0.014354066985645925	0	0.00020603923902841028	0.09632511916118684	-0.09632511916118684	0.5	-0.5
345	370	0.09090909090909091	0.10526315789473684	-0.014354066985645925	0	0.00020603923902841028	0.09632511916118684	-0.09632511916118684	0.5	-0.5
346	371	0.08585858585858586	0.11578947368421053	-0.02993088782562467	0	0.000895858046030127	0.09632511916118684	-0.09632511916118684	0.5	-0.5
347	372	0.08585858585858586	0.11578947368421053	-0.02993088782562467	0	0.000895858046030127	0.09632511916118684	-0.09632511916118684	0.5	-0.5
348	373	0.08585858585858586	0.11578947368421053	-0.02993088782562467	0	0.000895858046030127	0.09632511916118684	-0.09632511916118684	0.5	-0.5
349	374	0.08585858585858586	0.11578947368421053	-0.02993088782562467	0	0.000895858046030127	0.09632511916118684	-0.09632511916118684	0.5	-0.5
350	375	0.09090909090909091	0.11578947368421053	-0.024880382775119614	0	0.0006190334470364688	0.09632511916118684	-0.09632511916118684	0.5	-0.5
351	376	0.09090909090909091	0.11578947368421053	-0.024880382775119614	0	0.0006190334470364688	0.09632511916118684	-0.09632511916118684	0.5	-0.5
352	377	0.09595959595959595	0.11578947368421053	-0.019829877724614572	0	0.0003932240505731652	0.09632511916118684	-0.09632511916118684	0.5	-0.5
353	378	0.08585858585858586	0.11578947368421053	-0.02993088782562467	0	0.000895858046030127	0.09632511916118684	-0.09632511916118684	0.5	-0.5
354	379	0.08585858585858586	0.11578947368421053	-0.02993088782562467	0	0.000895858046030127	0.09632511916118684	-0.09632511916118684	0.5	-0.5
355	380	0.08585858585858586	0.11578947368421053	-0.02993088782562467	0	0.000895858046030127	0.09632511916118684	-0.09632511916118684	0.5	-0.5
356	381	0.09090909090909091	0.11578947368421053	-0.024880382775119614	0	0.0006190334470364688	0.09632511916118684	-0.09632511916118684	0.5	-0.5
357	382	0.08585858585858586	0.11578947368421053	-0.02993088782562467	0	0.000895858046030127	0.09632511916118684	-0.09632511916118684	0.5	-0.5
358	383	0.08585858585858586	0.11578947368421053	-0.02993088782562467	0	0.000895858046030127	0.09632511916118684	-0.09632511916118684	0.5	-0.5
359	384	0.08585858585858586	0.11578947368421053	-0.02993088782562467	0	0.000895858046030127	0.09632511916118684	-0.09632511916118684	0.5	-0.5
360	385	0.12121212121212122	0.1368421052631579	-0.01562998405103669	0	0.00024429640143566126	0.09632511916118684	-0.09632511916118684	0.5	-0.5
361	386	0.09595959595959595	0.1368421052631579	-0.04088250930356195	0	0.0016713795669558295	0.09632511916118684	-0.09632511916118684	0.5	-0.5
362	387	0.09595959595959595	0.1368421052631579	-0.04088250930356195	0	0.0016713795669558295	0.09632511916118684	-0.09632511916118684	0.5	-0.5
363	388	0.10101010101010101	0.14736842105263157	-0.04635832004253056	0	0.0021490938371656904	0.09632511916118684	-0.09632511916118684	0.5	-0.5
364	389	0.10101010101010101	0.14736842105263157	-0.04635832004253056	0	0.0021490938371656904	0.09632511916118684	-0.09632511916118684	0.5	-0.5
365	390	0.10101010101010101	0.14736842105263157	-0.04635832004253056	0	0.0021490938371656904	0.09632511916118684	-0.09632511916118684	0.5	-0.5
366	391	0.10101010101010101	0.14736842105263157	-0.04635832004253056	0	0.0021490938371656904	0.09632511916118684	-0.09632511916118684	0.5	-0.5
367	392	0.10606060606060606	0.14736842105263157	-0.0413078149920255	0	0.0017063355794154067	0.09632511916118684	-0.09632511916118684	0.5	-0.5
368	393	0.10606060606060606	0.14736842105263157	-0.0413078149920255	0	0.0017063355794154067	0.09632511916118684	-0.09632511916118684	0.5	-0.5
369	394	0.10606060606060606	0.1368421052631579	-0.03078149920255184	0	0.0009475006931566996	0.09632511916118684	-0.09632511916118684	0.5	-0.5
370	395	0.10606060606060606	0.1368421052631579	-0.03078149920255184	0	0.0009475006931566996	0.09632511916118684	-0.09632511916118684	0.5	-0.5
371	396	0.10606060606060606	0.15789473684210525	-0.05183413078149919	0	0.002686777113873562	0.09632511916118684	-0.09632511916118684	0.5	-0.5
372	397	0.10606060606060606	0.15789473684210525	-0.05183413078149919	0	0.002686777113873562	0.09632511916118684	-0.09632511916118684	0.5	-0.5
373	398	0.10606060606060606	0.15789473684210525	-0.05183413078149919	0	0.002686777113873562	0.09632511916118684	-0.09632511916118684	0.5	-0.5
374	399	0.08080808080808081	0.12631578947368421	-0.0455077086656034	0	0.0020709515479934346	0.09632511916118684	-0.09632511916118684	0.5	-0.5
375	400	0.07575757575757576	0.11578947368421053	-0.040031897926634766	0	0.0016025528516085048	0.09632511916118684	-0.09632511916118684	0.5	-0.5
376	401	0.07575757575757576	0.11578947368421053	-0.040031897926634766	0	0.0016025528516085048	0.09632511916118684	-0.09632511916118684	0.5	-0.5
377	402	0.0707070707070707	0.11578947368421053	-0.04508240297713982	0	0.002032423058193225	0.09632511916118684	-0.09632511916118684	0.5	-0.5
378	403	0.0707070707070707	0.11578947368421053	-0.04508240297713982	0	0.002032423058193225	0.09632511916118684	-0.09632511916118684	0.5	-0.5
379	404	0.0707070707070707	0.10526315789473684	-0.03455608718766613	0	0.0011941231617215834	0.09632511916118684	-0.09632511916118684	0.5	-0.5
380	405	0.0707070707070707	0.10526315789473684	-0.03455608718766613	0	0.0011941231617215834	0.09632511916118684	-0.09632511916118684	0.5	-0.5
381	406	0.07575757575757576	0.10526315789473684	-0.029505582137161077	0	0.0008705793772527588	0.09632511916118684	-0.09632511916118684	0.5	-0.5
382	407	0.07575757575757576	0.10526315789473684	-0.029505582137161077	0	0.0008705793772527588	0.09632511916118684	-0.09632511916118684	0.5	-0.5
383	408	0.07575757575757576	0.10526315789473684	-0.029505582137161077	0	0.0008705793772527588	0.09632511916118684	-0.09632511916118684	0.5	-0.5
384	409	0.07575757575757576	0.10526315789473684	-0.029505582137161077	0	0.0008705793772527588	0.09632511916118684	-0.09632511916118684	0.5	-0.5
385	410	0.0707070707070707	0.09473684210526316	-0.024029771398192457	0	0.0005774299134493882	0.09632511916118684	-0.09632511916118684	0.5	-0.5
386	411	0.07575757575757576	0.09473684210526316	-0.0189792663476874	0	0.0003602125510964595	0.09632511916118684	-0.09632511916118684	0.5	-0.5
387	412	0.07575757575757576	0.09473684210526316	-0.0189792663476874	0	0.0003602125510964595	0.09632511916118684	-0.09632511916118684	0.5	-0.5
388	413	0.07575757575757576	0.07368421052631578	0.002073365231259977	0	4.2988433821977384e-06	0.09632511916118684	-0.09632511916118684	0.5	-0.5
389	414	0.08080808080808081	0.06315789473684211	0.017650186071238708	0	0.00031152906834934886	0.09632511916118684	-0.09632511916118684	0.5	-0.5
390	415	0.08080808080808081	0.06315789473684211	0.017650186071238708	0	0.00031152906834934886	0.09632511916118684	-0.09632511916118684	0.5	-0.5
391	416	0.08080808080808081	0.06315789473684211	0.017650186071238708	0	0.00031152906834934886	0.09632511916118684	-0.09632511916118684	0.5	-0.5
392	417	0.08080808080808081	0.06315789473684211	0.017650186071238708	0	0.00031152906834934886	0.09632511916118684	-0.09632511916118684	0.5	-0.5
393	418	0.08080808080808081	0.06315789473684211	0.017650186071238708	0	0.00031152906834934886	0.09632511916118684	-0.09632511916118684	0.5	-0.5
394	419	0.08080808080808081	0.07368421052631578	0.007123870281765032	0	5.0749527791415e-05	0.09632511916118684	-0.09632511916118684	0.5	-0.5
395	420	0.08080808080808081	0.07368421052631578	0.007123870281765032	0	5.0749527791415e-05	0.09632511916118684	-0.09632511916118684	0.5	-0.5
396	421	0.08080808080808081	0.06315789473684211	0.017650186071238708	0	0.00031152906834934886	0.09632511916118684	-0.09632511916118684	0.5	-0.5
397	422	0.08080808080808081	0.06315789473684211	0.017650186071238708	0	0.00031152906834934886	0.09632511916118684	-0.09632511916118684	0.5	-0.5
398	423	0.08585858585858586	0.07368421052631578	0.012174375332270074	0	0.00014821541473098606	0.09632511916118684	-0.09632511916118684	0.5	-0.5
399	424	0.08585858585858586	0.07368421052631578	0.012174375332270074	0	0.00014821541473098606	0.09632511916118684	-0.09632511916118684	0.5	-0.5
400	425	0.08080808080808081	0.07368421052631578	0.007123870281765032	0	5.0749527791415e-05	0.09632511916118684	-0.09632511916118684	0.5	-0.5
401	426	0.08080808080808081	0.07368421052631578	0.007123870281765032	0	5.0749527791415e-05	0.09632511916118684	-0.09632511916118684	0.5	-0.5
402	427	0.07575757575757576	0.07368421052631578	0.002073365231259977	0	4.2988433821977384e-06	0.09632511916118684	-0.09632511916118684	0.5	-0.5
403	428	0.07575757575757576	0.07368421052631578	0.002073365231259977	0	4.2988433821977384e-06	0.09632511916118684	-0.09632511916118684	0.5	-0.5
404	429	0.07575757575757576	0.07368421052631578	0.002073365231259977	0	4.2988433821977384e-06	0.09632511916118684	-0.09632511916118684	0.5	-0.5
405	430	0.07575757575757576	0.07368421052631578	0.002073365231259977	0	4.2988433821977384e-06	0.09632511916118684	-0.09632511916118684	0.5	-0.5
406	431	0.07575757575757576	0.07368421052631578	0.002073365231259977	0	4.2988433821977384e-06	0.09632511916118684	-0.09632511916118684	0.5	-0.5
407	432	0.07575757575757576	0.07368421052631578	0.002073365231259977	0	4.2988433821977384e-06	0.09632511916118684	-0.09632511916118684	0.5	-0.5
408	433	0.07575757575757576	0.07368421052631578	0.002073365231259977	0	4.2988433821977384e-06	0.09632511916118684	-0.09632511916118684	0.5	-0.5
409	434	0.07575757575757576	0.07368421052631578	0.002073365231259977	0	4.2988433821977384e-06	0.09632511916118684	-0.09632511916118684	0.5	-0.5
410	435	0.04040404040404041	0.07368421052631578	-0.033280170122275375	0	0.0011075697233675905	0.09632511916118684	-0.09632511916118684	0.5	-0.5
411	436	0.04040404040404041	0.07368421052631578	-0.033280170122275375	0	0.0011075697233675905	0.09632511916118684	-0.09632511916118684	0.5	-0.5
412	437	0.04040404040404041	0.07368421052631578	-0.033280170122275375	0	0.0011075697233675905	0.09632511916118684	-0.09632511916118684	0.5	-0.5
413	438	0.03535353535353535	0.06315789473684211	-0.027804359383306755	0	0.0007730824007160784	0.09632511916118684	-0.09632511916118684	0.5	-0.5
414	439	0.03535353535353535	0.06315789473684211	-0.027804359383306755	0	0.0007730824007160784	0.09632511916118684	-0.09632511916118684	0.5	-0.5
415	440	0.03535353535353535	0.06315789473684211	-0.027804359383306755	0	0.0007730824007160784	0.09632511916118684	-0.09632511916118684	0.5	-0.5
416	441	0.03535353535353535	0.06315789473684211	-0.027804359383306755	0	0.0007730824007160784	0.09632511916118684	-0.09632511916118684	0.5	-0.5
417	442	0.030303030303030304	0.06315789473684211	-0.0328548644338118	0	0.0010794421169641518	0.09632511916118684	-0.09632511916118684	0.5	-0.5
418	443	0.030303030303030304	0.06315789473684211	-0.0328548644338118	0	0.0010794421169641518	0.09632511916118684	-0.09632511916118684	0.5	-0.5
419	444	0.030303030303030304	0.06315789473684211	-0.0328548644338118	0	0.0010794421169641518	0.09632511916118684	-0.09632511916118684	0.5	-0.5
420	445	0.030303030303030304	0.06315789473684211	-0.0328548644338118	0	0.0010794421169641518	0.09632511916118684	-0.09632511916118684	0.5	-0.5
421	446	0.030303030303030304	0.042105263157894736	-0.011802232854864432	0	0.00013929270036044144	0.09632511916118684	-0.09632511916118684	0.5	-0.5
422	447	0.030303030303030304	0.042105263157894736	-0.011802232854864432	0	0.00013929270036044144	0.09632511916118684	-0.09632511916118684	0.5	-0.5
423	448	0.030303030303030304	0.042105263157894736	-0.011802232854864432	0	0.00013929270036044144	0.09632511916118684	-0.09632511916118684	0.5	-0.5
424	449	0.030303030303030304	0.042105263157894736	-0.011802232854864432	0	0.00013929270036044144	0.09632511916118684	-0.09632511916118684	0.5	-0.5
425	450	0.04040404040404041	0.042105263157894736	-0.0017012227538543284	0	2.894158858231705e-06	0.09632511916118684	-0.09632511916118684	0.5	-0.5
426	451	0.09090909090909091	0.06315789473684211	0.027751196172248804	0	0.0007701288889906367	0.09632511916118684	-0.09632511916118684	0.5	-0.5
427	452	0.09090909090909091	0.06315789473684211	0.027751196172248804	0	0.0007701288889906367	0.09632511916118684	-0.09632511916118684	0.5	-0.5
428	453	0.09090909090909091	0.06315789473684211	0.027751196172248804	0	0.0007701288889906367	0.09632511916118684	-0.09632511916118684	0.5	-0.5
429	454	0.09090909090909091	0.06315789473684211	0.027751196172248804	0	0.0007701288889906367	0.09632511916118684	-0.09632511916118684	0.5	-0.5
430	455	0.09090909090909091	0.06315789473684211	0.027751196172248804	0	0.0007701288889906367	0.09632511916118684	-0.09632511916118684	0.5	-0.5
431	456	0.08585858585858586	0.06315789473684211	0.02270069112174375	0	0.0005153213774048155	0.09632511916118684	-0.09632511916118684	0.5	-0.5
432	457	0.09090909090909091	0.06315789473684211	0.027751196172248804	0	0.0007701288889906367	0.09632511916118684	-0.09632511916118684	0.5	-0.5
433	458	0.09090909090909091	0.06315789473684211	0.027751196172248804	0	0.0007701288889906367	0.09632511916118684	-0.09632511916118684	0.5	-0.5
434	459	0.09090909090909091	0.06315789473684211	0.027751196172248804	0	0.0007701288889906367	0.09632511916118684	-0.09632511916118684	0.5	-0.5
435	460	0.09090909090909091	0.06315789473684211	0.027751196172248804	0	0.0007701288889906367	0.09632511916118684	-0.09632511916118684	0.5	-0.5
436	461	0.08585858585858586	0.06315789473684211	0.02270069112174375	0	0.0005153213774048155	0.09632511916118684	-0.09632511916118684	0.5	-0.5
437	462	0.09595959595959595	0.08421052631578947	0.011749069643806481	0	0.00013804063749501495	0.09632511916118684	-0.09632511916118684	0.5	-0.5
438	463	0.09595959595959595	0.08421052631578947	0.011749069643806481	0	0.00013804063749501495	0.09632511916118684	-0.09632511916118684	0.5	-0.5
439	464	0.08585858585858586	0.08421052631578947	0.0016480595427963846	0	2.716100256602228e-06	0.09632511916118684	-0.09632511916118684	0.5	-0.5
440	465	0.08585858585858586	0.08421052631578947	0.0016480595427963846	0	2.716100256602228e-06	0.09632511916118684	-0.09632511916118684	0.5	-0.5
441	466	0.08585858585858586	0.08421052631578947	0.0016480595427963846	0	2.716100256602228e-06	0.09632511916118684	-0.09632511916118684	0.5	-0.5
442	467	0.08585858585858586	0.08421052631578947	0.0016480595427963846	0	2.716100256602228e-06	0.09632511916118684	-0.09632511916118684	0.5	-0.5
443	468	0.09090909090909091	0.08421052631578947	0.00669856459330144	0	4.487076761063168e-05	0.09632511916118684	-0.09632511916118684	0.5	-0.5
444	469	0.09090909090909091	0.07368421052631578	0.01722488038277513	0	0.0002966965042009115	0.09632511916118684	-0.09632511916118684	0.5	-0.5
445	470	0.09090909090909091	0.07368421052631578	0.01722488038277513	0	0.0002966965042009115	0.09632511916118684	-0.09632511916118684	0.5	-0.5
446	471	0.09090909090909091	0.07368421052631578	0.01722488038277513	0	0.0002966965042009115	0.09632511916118684	-0.09632511916118684	0.5	-0.5
447	472	0.09090909090909091	0.07368421052631578	0.01722488038277513	0	0.0002966965042009115	0.09632511916118684	-0.09632511916118684	0.5	-0.5
448	473	0.08585858585858586	0.06315789473684211	0.02270069112174375	0	0.0005153213774048155	0.09632511916118684	-0.09632511916118684	0.5	-0.5
449	474	0.08585858585858586	0.06315789473684211	0.02270069112174375	0	0.0005153213774048155	0.09632511916118684	-0.09632511916118684	0.5	-0.5
450	475	0.08585858585858586	0.06315789473684211	0.02270069112174375	0	0.0005153213774048155	0.09632511916118684	-0.09632511916118684	0.5	-0.5
451	476	0.08585858585858586	0.06315789473684211	0.02270069112174375	0	0.0005153213774048155	0.09632511916118684	-0.09632511916118684	0.5	-0.5
452	477	0.08585858585858586	0.06315789473684211	0.02270069112174375	0	0.0005153213774048155	0.09632511916118684	-0.09632511916118684	0.5	-0.5
453	478	0.08585858585858586	0.06315789473684211	0.02270069112174375	0	0.0005153213774048155	0.09632511916118684	-0.09632511916118684	0.5	-0.5
454	479	0.08585858585858586	0.06315789473684211	0.02270069112174375	0	0.0005153213774048155	0.09632511916118684	-0.09632511916118684	0.5	-0.5
455	480	0.09090909090909091	0.06315789473684211	0.027751196172248804	0	0.0007701288889906367	0.09632511916118684	-0.09632511916118684	0.5	-0.5
456	481	0.08585858585858586	0.06315789473684211	0.02270069112174375	0	0.0005153213774048155	0.09632511916118684	-0.09632511916118684	0.5	-0.5
457	482	0.08585858585858586	0.06315789473684211	0.02270069112174375	0	0.0005153213774048155	0.09632511916118684	-0.09632511916118684	0.5	-0.5
458	483	0.08585858585858586	0.06315789473684211	0.02270069112174375	0	0.0005153213774048155	0.09632511916118684	-0.09632511916118684	0.5	-0.5
459	484	0.09090909090909091	0.06315789473684211	0.027751196172248804	0	0.0007701288889906367	0.09632511916118684	-0.09632511916118684	0.5	-0.5
460	485	0.09090909090909091	0.042105263157894736	0.048803827751196176	0	0.0023818136031684258	0.09632511916118684	-0.09632511916118684	0.5	-0.5
461	486	0.09090909090909091	0.05263157894736842	0.038277511961722493	0	0.0014651679219798085	0.09632511916118684	-0.09632511916118684	0.5	-0.5
462	487	0.09090909090909091	0.05263157894736842	0.038277511961722493	0	0.0014651679219798085	0.09632511916118684	-0.09632511916118684	0.5	-0.5
463	488	0.09090909090909091	0.05263157894736842	0.038277511961722493	0	0.0014651679219798085	0.09632511916118684	-0.09632511916118684	0.5	-0.5
464	489	0.09595959595959595	0.06315789473684211	0.032801701222753846	0	0.0010759516031068111	0.09632511916118684	-0.09632511916118684	0.5	-0.5
465	490	0.09595959595959595	0.06315789473684211	0.032801701222753846	0	0.0010759516031068111	0.09632511916118684	-0.09632511916118684	0.5	-0.5
466	491	0.09595959595959595	0.06315789473684211	0.032801701222753846	0	0.0010759516031068111	0.09632511916118684	-0.09632511916118684	0.5	-0.5
467	492	0.09595959595959595	0.06315789473684211	0.032801701222753846	0	0.0010759516031068111	0.09632511916118684	-0.09632511916118684	0.5	-0.5
468	493	0.09595959595959595	0.06315789473684211	0.032801701222753846	0	0.0010759516031068111	0.09632511916118684	-0.09632511916118684	0.5	-0.5
469	494	0.09595959595959595	0.06315789473684211	0.032801701222753846	0	0.0010759516031068111	0.09632511916118684	-0.09632511916118684	0.5	-0.5
470	495	0.09595959595959595	0.06315789473684211	0.032801701222753846	0	0.0010759516031068111	0.09632511916118684	-0.09632511916118684	0.5	-0.5
471	496	0.09595959595959595	0.06315789473684211	0.032801701222753846	0	0.0010759516031068111	0.09632511916118684	-0.09632511916118684	0.5	-0.5
472	497	0.09595959595959595	0.06315789473684211	0.032801701222753846	0	0.0010759516031068111	0.09632511916118684	-0.09632511916118684	0.5	-0.5
473	498	0.09595959595959595	0.06315789473684211	0.032801701222753846	0	0.0010759516031068111	0.09632511916118684	-0.09632511916118684	0.5	-0.5
474	499	0.09595959595959595	0.06315789473684211	0.032801701222753846	0	0.0010759516031068111	0.09632511916118684	-0.09632511916118684	0.5	-0.5
475	500	0.08585858585858586	0.06315789473684211	0.02270069112174375	0	0.0005153213774048155	0.09632511916118684	-0.09632511916118684	0.5	-0.5
476	501	0.03535353535353535	0.042105263157894736	-0.006751727804359384	0	4.5585828344159586e-05	0.09632511916118684	-0.09632511916118684	0.5	-0.5
477	502	0.03535353535353535	0.042105263157894736	-0.006751727804359384	0	4.5585828344159586e-05	0.09632511916118684	-0.09632511916118684	0.5	-0.5
478	503	0.03535353535353535	0.042105263157894736	-0.006751727804359384	0	4.5585828344159586e-05	0.09632511916118684	-0.09632511916118684	0.5	-0.5
479	504	0.03535353535353535	0.042105263157894736	-0.006751727804359384	0	4.5585828344159586e-05	0.09632511916118684	-0.09632511916118684	0.5	-0.5
480	505	0.03535353535353535	0.042105263157894736	-0.006751727804359384	0	4.5585828344159586e-05	0.09632511916118684	-0.09632511916118684	0.5	-0.5
481	506	0.03535353535353535	0.042105263157894736	-0.006751727804359384	0	4.5585828344159586e-05	0.09632511916118684	-0.09632511916118684	0.5	-0.5
482	507	0.030303030303030304	0.042105263157894736	-0.011802232854864432	0	0.00013929270036044144	0.09632511916118684	-0.09632511916118684	0.5	-0.5
483	508	0.030303030303030304	0.042105263157894736	-0.011802232854864432	0	0.00013929270036044144	0.09632511916118684	-0.09632511916118684	0.5	-0.5
484	509	0.030303030303030304	0.042105263157894736	-0.011802232854864432	0	0.00013929270036044144	0.09632511916118684	-0.09632511916118684	0.5	-0.5
485	510	0.030303030303030304	0.042105263157894736	-0.011802232854864432	0	0.00013929270036044144	0.09632511916118684	-0.09632511916118684	0.5	-0.5
486	511	0.030303030303030304	0.042105263157894736	-0.011802232854864432	0	0.00013929270036044144	0.09632511916118684	-0.09632511916118684	0.5	-0.5
487	512	0.020202020202020204	0.021052631578947368	-0.0008506113769271642	0	7.235397145579262e-07	0.09632511916118684	-0.09632511916118684	0.5	-0.5
488	513	0.020202020202020204	0.021052631578947368	-0.0008506113769271642	0	7.235397145579262e-07	0.09632511916118684	-0.09632511916118684	0.5	-0.5
489	514	0.020202020202020204	0.021052631578947368	-0.0008506113769271642	0	7.235397145579262e-07	0.09632511916118684	-0.09632511916118684	0.5	-0.5
490	515	0.020202020202020204	0.021052631578947368	-0.0008506113769271642	0	7.235397145579262e-07	0.09632511916118684	-0.09632511916118684	0.5	-0.5
491	516	0.020202020202020204	0.021052631578947368	-0.0008506113769271642	0	7.235397145579262e-07	0.09632511916118684	-0.09632511916118684	0.5	-0.5
492	517	0.020202020202020204	0.021052631578947368	-0.0008506113769271642	0	7.235397145579262e-07	0.09632511916118684	-0.09632511916118684	0.5	-0.5
493	518	0.015151515151515152	0.021052631578947368	-0.005901116427432216	0	3.482317509011036e-05	0.09632511916118684	-0.09632511916118684	0.5	-0.5
494	519	0.015151515151515152	0.021052631578947368	-0.005901116427432216	0	3.482317509011036e-05	0.09632511916118684	-0.09632511916118684	0.5	-0.5
495	520	0.015151515151515152	0.021052631578947368	-0.005901116427432216	0	3.482317509011036e-05	0.09632511916118684	-0.09632511916118684	0.5	-0.5
496	521	0.015151515151515152	0.021052631578947368	-0.005901116427432216	0	3.482317509011036e-05	0.09632511916118684	-0.09632511916118684	0.5	-0.5
497	522	0.015151515151515152	0.021052631578947368	-0.005901116427432216	0	3.482317509011036e-05	0.09632511916118684	-0.09632511916118684	0.5	-0.5
498	523	0.015151515151515152	0.021052631578947368	-0.005901116427432216	0	3.482317509011036e-05	0.09632511916118684	-0.09632511916118684	0.5	-0.5
499	524	0.015151515151515152	0.021052631578947368	-0.005901116427432216	0	3.482317509011036e-05	0.09632511916118684	-0.09632511916118684	0.5	-0.5
500	525	0.015151515151515152	0.021052631578947368	-0.005901116427432216	0	3.482317509011036e-05	0.09632511916118684	-0.09632511916118684	0.5	-0.5
501	526	0.015151515151515152	0.021052631578947368	-0.005901116427432216	0	3.482317509011036e-05	0.09632511916118684	-0.09632511916118684	0.5	-0.5
502	527	0.015151515151515152	0.021052631578947368	-0.005901116427432216	0	3.482317509011036e-05	0.09632511916118684	-0.09632511916118684	0.5	-0.5
503	528	0.015151515151515152	0.021052631578947368	-0.005901116427432216	0	3.482317509011036e-05	0.09632511916118684	-0.09632511916118684	0.5	-0.5
504	529	0.015151515151515152	0.021052631578947368	-0.005901116427432216	0	3.482317509011036e-05	0.09632511916118684	-0.09632511916118684	0.5	-0.5
505	530	0.010101010101010102	0.021052631578947368	-0.010951621477937266	0	0.00011993801299601682	0.09632511916118684	-0.09632511916118684	0.5	-0.5
506	531	0.010101010101010102	0.021052631578947368	-0.010951621477937266	0	0.00011993801299601682	0.09632511916118684	-0.09632511916118684	0.5	-0.5
507	532	0.010101010101010102	0.021052631578947368	-0.010951621477937266	0	0.00011993801299601682	0.09632511916118684	-0.09632511916118684	0.5	-0.5
508	533	0.010101010101010102	0.021052631578947368	-0.010951621477937266	0	0.00011993801299601682	0.09632511916118684	-0.09632511916118684	0.5	-0.5
509	534	0.005050505050505051	0.021052631578947368	-0.016002126528442316	0	0.00025606805343227735	0.09632511916118684	-0.09632511916118684	0.5	-0.5
510	535	0.005050505050505051	0.021052631578947368	-0.016002126528442316	0	0.00025606805343227735	0.09632511916118684	-0.09632511916118684	0.5	-0.5
511	536	0.005050505050505051	0.010526315789473684	-0.005475810738968633	0	2.9984503249004206e-05	0.09632511916118684	-0.09632511916118684	0.5	-0.5
512	537	0.005050505050505051	0.010526315789473684	-0.005475810738968633	0	2.9984503249004206e-05	0.09632511916118684	-0.09632511916118684	0.5	-0.5
513	538	0.005050505050505051	0.010526315789473684	-0.005475810738968633	0	2.9984503249004206e-05	0.09632511916118684	-0.09632511916118684	0.5	-0.5
514	539	0.0	0.0	0.0	0	0.0	0.09632511916118684	-0.09632511916118684	0.5	-0.5
515	540	0.0	0.0	0.0	0	0.0	0.09632511916118684	-0.09632511916118684	0.5	-0.5
516	541	0.0	0.0	0.0	0	0.0	0.09632511916118684	-0.09632511916118684	0.5	-0.5
517	542	0.005050505050505051	0.0	0.005050505050505051	0	2.5507601265177026e-05	0.09632511916118684	-0.09632511916118684	0.5	-0.5
518	543	0.005050505050505051	0.0	0.005050505050505051	0	2.5507601265177026e-05	0.09632511916118684	-0.09632511916118684	0.5	-0.5
519	544	0.005050505050505051	0.0	0.005050505050505051	0	2.5507601265177026e-05	0.09632511916118684	-0.09632511916118684	0.5	-0.5
520	545	0.005050505050505051	0.0	0.005050505050505051	0	2.5507601265177026e-05	0.09632511916118684	-0.09632511916118684	0.5	-0.5
521	546	0.005050505050505051	0.0	0.005050505050505051	0	2.5507601265177026e-05	0.09632511916118684	-0.09632511916118684	0.5	-0.5
522	547	0.005050505050505051	0.0	0.005050505050505051	0	2.5507601265177026e-05	0.09632511916118684	-0.09632511916118684	0.5	-0.5
523	548	0.005050505050505051	0.0	0.005050505050505051	0	2.5507601265177026e-05	0.09632511916118684	-0.09632511916118684	0.5	-0.5
524	549	0.005050505050505051	0.0	0.005050505050505051	0	2.5507601265177026e-05	0.09632511916118684	-0.09632511916118684	0.5	-0.5
525	550	0.005050505050505051	0.0	0.005050505050505051	0	2.5507601265177026e-05	0.09632511916118684	-0.09632511916118684	0.5	-0.5
526	551	0.005050505050505051	0.0	0.005050505050505051	0	2.5507601265177026e-05	0.09632511916118684	-0.09632511916118684	0.5	-0.5
527	552	0.005050505050505051	0.0	0.005050505050505051	0	2.5507601265177026e-05	0.09632511916118684	-0.09632511916118684	0.5	-0.5
528	553	0.005050505050505051	0.0	0.005050505050505051	0	2.5507601265177026e-05	0.09632511916118684	-0.09632511916118684	0.5	-0.5
529	554	0.005050505050505051	0.0	0.005050505050505051	0	2.5507601265177026e-05	0.09632511916118684	-0.09632511916118684	0.5	-0.5
530	555	0.005050505050505051	0.0	0.005050505050505051	0	2.5507601265177026e-05	0.09632511916118684	-0.09632511916118684	0.5	-0.5
531	556	0.005050505050505051	0.0	0.005050505050505051	0	2.5507601265177026e-05	0.09632511916118684	-0.09632511916118684	0.5	-0.5
532	557	0.005050505050505051	0.0	0.005050505050505051	0	2.5507601265177026e-05	0.09632511916118684	-0.09632511916118684	0.5	-0.5
533	558	0.005050505050505051	0.0	0.005050505050505051	0	2.5507601265177026e-05	0.09632511916118684	-0.09632511916118684	0.5	-0.5
534	559	0.005050505050505051	0.0	0.005050505050505051	0	2.5507601265177026e-05	0.09632511916118684	-0.09632511916118684	0.5	-0.5
535	560	0.005050505050505051	0.0	0.005050505050505051	0	2.5507601265177026e-05	0.09632511916118684	-0.09632511916118684	0.5	-0.5
536	561	0.005050505050505051	0.0	0.005050505050505051	0	2.5507601265177026e-05	0.09632511916118684	-0.09632511916118684	0.5	-0.5
537	562	0.005050505050505051	0.0	0.005050505050505051	0	2.5507601265177026e-05	0.09632511916118684	-0.09632511916118684	0.5	-0.5
538	563	0.005050505050505051	0.0	0.005050505050505051	0	2.5507601265177026e-05	0.09632511916118684	-0.09632511916118684	0.5	-0.5
539	564	0.005050505050505051	0.0	0.005050505050505051	0	2.5507601265177026e-05	0.09632511916118684	-0.09632511916118684	0.5	-0.5
540	565	0.005050505050505051	0.0	0.005050505050505051	0	2.5507601265177026e-05	0.09632511916118684	-0.09632511916118684	0.5	-0.5
541	566	0.005050505050505051	0.0	0.005050505050505051	0	2.5507601265177026e-05	0.09632511916118684	-0.09632511916118684	0.5	-0.5
542	567	0.005050505050505051	0.0	0.005050505050505051	0	2.5507601265177026e-05	0.09632511916118684	-0.09632511916118684	0.5	-0.5
543	568	0.005050505050505051	0.0	0.005050505050505051	0	2.5507601265177026e-05	0.09632511916118684	-0.09632511916118684	0.5	-0.5
