	window	SMA_cbio_all	SMA_clinvar_all	cbio-clinvar	0line	difference_square	2.5SD	-2.5SD	max	min
0	25	0.07308970099667775	0.12654320987654322	-0.05345350887986547	0	0.0028572776115698565	0.13929259460419458	-0.13929259460419458	0.5	-0.5
1	26	0.07475083056478406	0.12654320987654322	-0.05179237931175916	0	0.0026824505547731383	0.13929259460419458	-0.13929259460419458	0.5	-0.5
2	27	0.08305647840531562	0.13580246913580246	-0.052745990730486844	0	0.002782139538140604	0.13929259460419458	-0.13929259460419458	0.5	-0.5
3	28	0.08305647840531562	0.13580246913580246	-0.052745990730486844	0	0.002782139538140604	0.13929259460419458	-0.13929259460419458	0.5	-0.5
4	29	0.08222591362126246	0.13580246913580246	-0.053576555514540006	0	0.002870447300802587	0.13929259460419458	-0.13929259460419458	0.5	-0.5
5	30	0.08388704318936877	0.13580246913580246	-0.051915425946433696	0	0.002695211451199641	0.13929259460419458	-0.13929259460419458	0.5	-0.5
6	31	0.08471760797342193	0.13580246913580246	-0.051084861162380535	0	0.0026096630399796952	0.13929259460419458	-0.13929259460419458	0.5	-0.5
7	32	0.08471760797342193	0.13580246913580246	-0.051084861162380535	0	0.0026096630399796952	0.13929259460419458	-0.13929259460419458	0.5	-0.5
8	33	0.08471760797342193	0.13580246913580246	-0.051084861162380535	0	0.0026096630399796952	0.13929259460419458	-0.13929259460419458	0.5	-0.5
9	34	0.08471760797342193	0.10493827160493827	-0.02022066363151634	0	0.00040887523769892755	0.13929259460419458	-0.13929259460419458	0.5	-0.5
10	35	0.08471760797342193	0.10493827160493827	-0.02022066363151634	0	0.00040887523769892755	0.13929259460419458	-0.13929259460419458	0.5	-0.5
11	36	0.08554817275747509	0.10493827160493827	-0.019390098847463177	0	0.00037597593331439286	0.13929259460419458	-0.13929259460419458	0.5	-0.5
12	37	0.08554817275747509	0.10493827160493827	-0.019390098847463177	0	0.00037597593331439286	0.13929259460419458	-0.13929259460419458	0.5	-0.5
13	38	0.08554817275747509	0.10493827160493827	-0.019390098847463177	0	0.00037597593331439286	0.13929259460419458	-0.13929259460419458	0.5	-0.5
14	39	0.08803986710963455	0.10493827160493827	-0.01689840449530372	0	0.000285556074486901	0.13929259460419458	-0.13929259460419458	0.5	-0.5
15	40	0.0872093023255814	0.10493827160493827	-0.017728969279356868	0	0.0003143163517083796	0.13929259460419458	-0.13929259460419458	0.5	-0.5
16	41	0.0872093023255814	0.10493827160493827	-0.017728969279356868	0	0.0003143163517083796	0.13929259460419458	-0.13929259460419458	0.5	-0.5
17	42	0.09136212624584718	0.13580246913580246	-0.044440342889955284	0	0.001974944076176799	0.13929259460419458	-0.13929259460419458	0.5	-0.5
18	43	0.09053156146179402	0.15123456790123457	-0.06070300643944056	0	0.0036848549907867617	0.13929259460419458	-0.13929259460419458	0.5	-0.5
19	44	0.09136212624584718	0.14814814814814814	-0.05678602190230096	0	0.0032246522834886047	0.13929259460419458	-0.13929259460419458	0.5	-0.5
20	45	0.09136212624584718	0.14814814814814814	-0.05678602190230096	0	0.0032246522834886047	0.13929259460419458	-0.13929259460419458	0.5	-0.5
21	46	0.09219269102990033	0.17901234567901234	-0.08681965464911201	0	0.007537652433391077	0.13929259460419458	-0.13929259460419458	0.5	-0.5
22	47	0.09136212624584718	0.17901234567901234	-0.08765021943316516	0	0.007682560966682003	0.13929259460419458	-0.13929259460419458	0.5	-0.5
23	48	0.09219269102990033	0.17901234567901234	-0.08681965464911201	0	0.007537652433391077	0.13929259460419458	-0.13929259460419458	0.5	-0.5
24	49	0.09385382059800665	0.17901234567901234	-0.08515852508100569	0	0.0072519743939722745	0.13929259460419458	-0.13929259460419458	0.5	-0.5
25	50	0.09053156146179402	0.17901234567901234	-0.08848078421721832	0	0.007828849175693951	0.13929259460419458	-0.13929259460419458	0.5	-0.5
26	51	0.09385382059800665	0.18209876543209877	-0.08824494483409212	0	0.007787170288771962	0.13929259460419458	-0.13929259460419458	0.5	-0.5
27	52	0.09136212624584718	0.18209876543209877	-0.09073663918625159	0	0.008233137690816008	0.13929259460419458	-0.13929259460419458	0.5	-0.5
28	53	0.08970099667774087	0.17901234567901234	-0.08931134900127147	0	0.007976517060426914	0.13929259460419458	-0.13929259460419458	0.5	-0.5
29	54	0.09219269102990033	0.19135802469135801	-0.09916533366145769	0	0.009833763400188234	0.13929259460419458	-0.13929259460419458	0.5	-0.5
30	55	0.09385382059800665	0.1882716049382716	-0.09441778434026496	0	0.008914717999724783	0.13929259460419458	-0.13929259460419458	0.5	-0.5
31	56	0.09219269102990033	0.1882716049382716	-0.09607891390837128	0	0.009231157697812221	0.13929259460419458	-0.13929259460419458	0.5	-0.5
32	57	0.09136212624584718	0.18518518518518517	-0.093823058939338	0	0.00880276638873449	0.13929259460419458	-0.13929259460419458	0.5	-0.5
33	58	0.10299003322259136	0.1882716049382716	-0.08528157171568025	0	0.007272946474296714	0.13929259460419458	-0.13929259460419458	0.5	-0.5
34	59	0.10215946843853821	0.18518518518518517	-0.08302571674664697	0	0.006893269641294455	0.13929259460419458	-0.13929259460419458	0.5	-0.5
35	60	0.09302325581395349	0.1697530864197531	-0.0767298306057996	0	0.005887466904794702	0.13929259460419458	-0.13929259460419458	0.5	-0.5
36	61	0.09302325581395349	0.1697530864197531	-0.0767298306057996	0	0.005887466904794702	0.13929259460419458	-0.13929259460419458	0.5	-0.5
37	62	0.09219269102990033	0.1697530864197531	-0.07756039538985277	0	0.006015614933030294	0.13929259460419458	-0.13929259460419458	0.5	-0.5
38	63	0.09219269102990033	0.16666666666666666	-0.07447397563676633	0	0.005546373047145665	0.13929259460419458	-0.13929259460419458	0.5	-0.5
39	64	0.09302325581395349	0.16666666666666666	-0.07364341085271317	0	0.005423351962021512	0.13929259460419458	-0.13929259460419458	0.5	-0.5
40	65	0.0946843853820598	0.16666666666666666	-0.07198228128460686	0	0.005181448818936263	0.13929259460419458	-0.13929259460419458	0.5	-0.5
41	66	0.09551495016611296	0.16049382716049382	-0.06497887699438086	0	0.004222254455450878	0.13929259460419458	-0.13929259460419458	0.5	-0.5
42	67	0.09634551495016612	0.16049382716049382	-0.0641483122103277	0	0.004115005959433678	0.13929259460419458	-0.13929259460419458	0.5	-0.5
43	68	0.0946843853820598	0.16049382716049382	-0.06580944177843402	0	0.004330882627189097	0.13929259460419458	-0.13929259460419458	0.5	-0.5
44	69	0.09219269102990033	0.15432098765432098	-0.062128296624420654	0	0.0038599252414519987	0.13929259460419458	-0.13929259460419458	0.5	-0.5
45	70	0.10132890365448505	0.16049382716049382	-0.05916492350600877	0	0.003500488173471869	0.13929259460419458	-0.13929259460419458	0.5	-0.5
46	71	0.1004983388704319	0.16049382716049382	-0.05999548829006192	0	0.003599458615162957	0.13929259460419458	-0.13929259460419458	0.5	-0.5
47	72	0.08139534883720931	0.12654320987654322	-0.04514786103933391	0	0.002038329356427005	0.13929259460419458	-0.13929259460419458	0.5	-0.5
48	73	0.08139534883720931	0.12654320987654322	-0.04514786103933391	0	0.002038329356427005	0.13929259460419458	-0.13929259460419458	0.5	-0.5
49	74	0.08222591362126246	0.12654320987654322	-0.04431729625528076	0	0.001964022747378322	0.13929259460419458	-0.13929259460419458	0.5	-0.5
50	75	0.08139534883720931	0.12654320987654322	-0.04514786103933391	0	0.002038329356427005	0.13929259460419458	-0.13929259460419458	0.5	-0.5
51	76	0.08056478405315615	0.12654320987654322	-0.04597842582338707	0	0.002114015641196707	0.13929259460419458	-0.13929259460419458	0.5	-0.5
52	77	0.07225913621262459	0.11728395061728394	-0.04502481440465936	0	0.002027233912174021	0.13929259460419458	-0.13929259460419458	0.5	-0.5
53	78	0.07308970099667775	0.11728395061728394	-0.044194249620606196	0	0.001953131699528451	0.13929259460419458	-0.13929259460419458	0.5	-0.5
54	79	0.0739202657807309	0.13271604938271606	-0.05879578360198516	0	0.003456944169371467	0.13929259460419458	-0.13929259460419458	0.5	-0.5
55	80	0.0739202657807309	0.13271604938271606	-0.05879578360198516	0	0.003456944169371467	0.13929259460419458	-0.13929259460419458	0.5	-0.5
56	81	0.08056478405315615	0.15432098765432098	-0.07375620360116483	0	0.00543997756965648	0.13929259460419458	-0.13929259460419458	0.5	-0.5
57	82	0.08388704318936877	0.15432098765432098	-0.07043394446495221	0	0.004960940532891972	0.13929259460419458	-0.13929259460419458	0.5	-0.5
58	83	0.08471760797342193	0.15432098765432098	-0.06960337968089905	0	0.004844630463003391	0.13929259460419458	-0.13929259460419458	0.5	-0.5
59	84	0.08471760797342193	0.15432098765432098	-0.06960337968089905	0	0.004844630463003391	0.13929259460419458	-0.13929259460419458	0.5	-0.5
60	85	0.08471760797342193	0.15432098765432098	-0.06960337968089905	0	0.004844630463003391	0.13929259460419458	-0.13929259460419458	0.5	-0.5
61	86	0.08388704318936877	0.15432098765432098	-0.07043394446495221	0	0.004960940532891972	0.13929259460419458	-0.13929259460419458	0.5	-0.5
62	87	0.08388704318936877	0.15432098765432098	-0.07043394446495221	0	0.004960940532891972	0.13929259460419458	-0.13929259460419458	0.5	-0.5
63	88	0.08388704318936877	0.15432098765432098	-0.07043394446495221	0	0.004960940532891972	0.13929259460419458	-0.13929259460419458	0.5	-0.5
64	89	0.08388704318936877	0.15432098765432098	-0.07043394446495221	0	0.004960940532891972	0.13929259460419458	-0.13929259460419458	0.5	-0.5
65	90	0.08388704318936877	0.15432098765432098	-0.07043394446495221	0	0.004960940532891972	0.13929259460419458	-0.13929259460419458	0.5	-0.5
66	91	0.08471760797342193	0.15432098765432098	-0.06960337968089905	0	0.004844630463003391	0.13929259460419458	-0.13929259460419458	0.5	-0.5
67	92	0.08056478405315615	0.12345679012345678	-0.04289200607030064	0	0.0018397241847347067	0.13929259460419458	-0.13929259460419458	0.5	-0.5
68	93	0.07973421926910298	0.10802469135802469	-0.0282904720889217	0	0.0008003508110140578	0.13929259460419458	-0.13929259460419458	0.5	-0.5
69	94	0.07890365448504984	0.10493827160493827	-0.02603461711988843	0	0.0006778012885791877	0.13929259460419458	-0.13929259460419458	0.5	-0.5
70	95	0.07807308970099668	0.10802469135802469	-0.02995160165702801	0	0.000897098441821283	0.13929259460419458	-0.13929259460419458	0.5	-0.5
71	96	0.07724252491694353	0.07716049382716049	8.203108978303841e-05	0	6.7290996909929095e-09	0.13929259460419458	-0.13929259460419458	0.5	-0.5
72	97	0.07724252491694353	0.08024691358024691	-0.003004388663303381	0	9.026351240185877e-06	0.13929259460419458	-0.13929259460419458	0.5	-0.5
73	98	0.07724252491694353	0.08024691358024691	-0.003004388663303381	0	9.026351240185877e-06	0.13929259460419458	-0.13929259460419458	0.5	-0.5
74	99	0.07724252491694353	0.08024691358024691	-0.003004388663303381	0	9.026351240185877e-06	0.13929259460419458	-0.13929259460419458	0.5	-0.5
75	100	0.07890365448504984	0.08024691358024691	-0.0013432590951970719	0	1.8043449968296563e-06	0.13929259460419458	-0.13929259460419458	0.5	-0.5
76	101	0.07724252491694353	0.08024691358024691	-0.003004388663303381	0	9.026351240185877e-06	0.13929259460419458	-0.13929259460419458	0.5	-0.5
77	102	0.07724252491694353	0.08024691358024691	-0.003004388663303381	0	9.026351240185877e-06	0.13929259460419458	-0.13929259460419458	0.5	-0.5
78	103	0.07973421926910298	0.08024691358024691	-0.0005126943111439242	0	2.628554566793429e-07	0.13929259460419458	-0.13929259460419458	0.5	-0.5
79	104	0.07807308970099668	0.06790123456790123	0.010171855133095445	0	0.00010346663684868016	0.13929259460419458	-0.13929259460419458	0.5	-0.5
80	105	0.0946843853820598	0.07098765432098765	0.023696731061072146	0	0.0005615350629807814	0.13929259460419458	-0.13929259460419458	0.5	-0.5
81	106	0.11627906976744186	0.08950617283950617	0.02677289692793569	0	0.0007167880099138683	0.13929259460419458	-0.13929259460419458	0.5	-0.5
82	107	0.12956810631229235	0.1111111111111111	0.018456995201181242	0	0.0003406606718564274	0.13929259460419458	-0.13929259460419458	0.5	-0.5
83	108	0.11794019933554817	0.10802469135802469	0.009915507977523483	0	9.831729845233183e-05	0.13929259460419458	-0.13929259460419458	0.5	-0.5
84	109	0.11794019933554817	0.10802469135802469	0.009915507977523483	0	9.831729845233183e-05	0.13929259460419458	-0.13929259460419458	0.5	-0.5
85	110	0.11877076411960133	0.1111111111111111	0.007659653008490225	0	5.867028421047335e-05	0.13929259460419458	-0.13929259460419458	0.5	-0.5
86	111	0.11877076411960133	0.1111111111111111	0.007659653008490225	0	5.867028421047335e-05	0.13929259460419458	-0.13929259460419458	0.5	-0.5
87	112	0.11960132890365449	0.1111111111111111	0.008490217792543386	0	7.20837981648203e-05	0.13929259460419458	-0.13929259460419458	0.5	-0.5
88	113	0.11877076411960133	0.1111111111111111	0.007659653008490225	0	5.867028421047335e-05	0.13929259460419458	-0.13929259460419458	0.5	-0.5
89	114	0.11794019933554817	0.1111111111111111	0.006829088224437063	0	4.663644597714496e-05	0.13929259460419458	-0.13929259460419458	0.5	-0.5
90	115	0.11627906976744186	0.1111111111111111	0.005167958656330754	0	2.6707796673543972e-05	0.13929259460419458	-0.13929259460419458	0.5	-0.5
91	116	0.11710963455149502	0.1111111111111111	0.0059985234403839155	0	3.5982283464835286e-05	0.13929259460419458	-0.13929259460419458	0.5	-0.5
92	117	0.11627906976744186	0.12037037037037036	-0.004091300602928505	0	1.6738740623523147e-05	0.13929259460419458	-0.13929259460419458	0.5	-0.5
93	118	0.12541528239202657	0.12654320987654322	-0.0011279274845166498	0	1.2722204103280573e-06	0.13929259460419458	-0.13929259460419458	0.5	-0.5
94	119	0.12624584717607973	0.12654320987654322	-0.00029736270046348823	0	8.842457562693822e-08	0.13929259460419458	-0.13929259460419458	0.5	-0.5
95	120	0.11046511627906977	0.1111111111111111	-0.0006459948320413356	0	4.1730932302411334e-07	0.13929259460419458	-0.13929259460419458	0.5	-0.5
96	121	0.11295681063122924	0.12345679012345678	-0.010499979492227543	0	0.00011024956933719898	0.13929259460419458	-0.13929259460419458	0.5	-0.5
97	122	0.10963455149501661	0.12037037037037036	-0.010735818875353756	0	0.00011525780692440198	0.13929259460419458	-0.13929259460419458	0.5	-0.5
98	123	0.11960132890365449	0.12962962962962962	-0.010028300725975131	0	0.00010056681545059335	0.13929259460419458	-0.13929259460419458	0.5	-0.5
99	124	0.12292358803986711	0.15123456790123457	-0.028310979861367463	0	0.0008015115807107541	0.13929259460419458	-0.13929259460419458	0.5	-0.5
100	125	0.1287375415282392	0.16049382716049382	-0.031756285632254605	0	0.0010084616771573402	0.13929259460419458	-0.13929259460419458	0.5	-0.5
101	126	0.1777408637873754	0.19135802469135801	-0.0136171609039826	0	0.00018542707108495224	0.13929259460419458	-0.13929259460419458	0.5	-0.5
102	127	0.17857142857142858	0.19135802469135801	-0.012786596119929439	0	0.00016349704033419459	0.13929259460419458	-0.13929259460419458	0.5	-0.5
103	128	0.17940199335548174	0.19135802469135801	-0.011956031335876277	0	0.0001429466853044555	0.13929259460419458	-0.13929259460419458	0.5	-0.5
104	129	0.17940199335548174	0.17592592592592593	0.003476067429555807	0	1.2083044774818714e-05	0.13929259460419458	-0.13929259460419458	0.5	-0.5
105	130	0.18272425249169436	0.17592592592592593	0.0067983265657684255	0	4.621724409483271e-05	0.13929259460419458	-0.13929259460419458	0.5	-0.5
106	131	0.17524916943521596	0.15432098765432098	0.020928181780894978	0	0.00043798879265418447	0.13929259460419458	-0.13929259460419458	0.5	-0.5
107	132	0.17275747508305647	0.1574074074074074	0.01535006767564906	0	0.0002356245776470061	0.13929259460419458	-0.13929259460419458	0.5	-0.5
108	133	0.17275747508305647	0.1574074074074074	0.01535006767564906	0	0.0002356245776470061	0.13929259460419458	-0.13929259460419458	0.5	-0.5
109	134	0.17940199335548174	0.1882716049382716	-0.008869611582789871	0	7.867000962956024e-05	0.13929259460419458	-0.13929259460419458	0.5	-0.5
110	135	0.18106312292358803	0.1882716049382716	-0.007208482014683576	0	5.1962212956016585e-05	0.13929259460419458	-0.13929259460419458	0.5	-0.5
111	136	0.18106312292358803	0.1882716049382716	-0.007208482014683576	0	5.1962212956016585e-05	0.13929259460419458	-0.13929259460419458	0.5	-0.5
112	137	0.18106312292358803	0.1882716049382716	-0.007208482014683576	0	5.1962212956016585e-05	0.13929259460419458	-0.13929259460419458	0.5	-0.5
113	138	0.18106312292358803	0.1882716049382716	-0.007208482014683576	0	5.1962212956016585e-05	0.13929259460419458	-0.13929259460419458	0.5	-0.5
114	139	0.17940199335548174	0.19135802469135801	-0.011956031335876277	0	0.0001429466853044555	0.13929259460419458	-0.13929259460419458	0.5	-0.5
115	140	0.17940199335548174	0.19135802469135801	-0.011956031335876277	0	0.0001429466853044555	0.13929259460419458	-0.13929259460419458	0.5	-0.5
116	141	0.18106312292358803	0.19135802469135801	-0.010294901767769982	0	0.0001059850024080335	0.13929259460419458	-0.13929259460419458	0.5	-0.5
117	142	0.1818936877076412	0.2037037037037037	-0.0218100159960625	0	0.00047567679774850204	0.13929259460419458	-0.13929259460419458	0.5	-0.5
118	143	0.17940199335548174	0.2037037037037037	-0.024301710348221955	0	0.000590573125848878	0.13929259460419458	-0.13929259460419458	0.5	-0.5
119	144	0.18023255813953487	0.2037037037037037	-0.02347114556416882	0	0.0005508946740944017	0.13929259460419458	-0.13929259460419458	0.5	-0.5
120	145	0.18023255813953487	0.2006172839506173	-0.020384725811082416	0	0.00041553704639300966	0.13929259460419458	-0.13929259460419458	0.5	-0.5
121	146	0.18106312292358803	0.2006172839506173	-0.019554161027029254	0	0.00038236521347098976	0.13929259460419458	-0.13929259460419458	0.5	-0.5
122	147	0.26993355481727577	0.20679012345679013	0.06314343136048564	0	0.003987092923976362	0.13929259460419458	-0.13929259460419458	0.5	-0.5
123	148	0.2707641196013289	0.20679012345679013	0.06397399614453878	0	0.004092672182701462	0.13929259460419458	-0.13929259460419458	0.5	-0.5
124	149	0.2691029900332226	0.20679012345679013	0.06231286657643245	0	0.0038828933409722727	0.13929259460419458	-0.13929259460419458	0.5	-0.5
125	150	0.26744186046511625	0.20987654320987653	0.05756531725523972	0	0.0033137657506964	0.13929259460419458	-0.13929259460419458	0.5	-0.5
126	151	0.26827242524916944	0.23148148148148148	0.03679094376768796	0	0.0013535735433171775	0.13929259460419458	-0.13929259460419458	0.5	-0.5
127	152	0.26827242524916944	0.23148148148148148	0.03679094376768796	0	0.0013535735433171775	0.13929259460419458	-0.13929259460419458	0.5	-0.5
128	153	0.26993355481727577	0.23148148148148148	0.038452073335794285	0	0.0014785619438213017	0.13929259460419458	-0.13929259460419458	0.5	-0.5
129	154	0.2707641196013289	0.2345679012345679	0.03619621836676101	0	0.0013101662240542474	0.13929259460419458	-0.13929259460419458	0.5	-0.5
130	155	0.2541528239202658	0.23148148148148148	0.022671342438784298	0	0.0005139897679766219	0.13929259460419458	-0.13929259460419458	0.5	-0.5
131	156	0.23837209302325582	0.21296296296296297	0.025409130060292856	0	0.000645623890420878	0.13929259460419458	-0.13929259460419458	0.5	-0.5
132	157	0.22591362126245848	0.19135802469135801	0.034555596571100466	0	0.0011940892543846502	0.13929259460419458	-0.13929259460419458	0.5	-0.5
133	158	0.22757475083056478	0.19135802469135801	0.03621672613920676	0	0.0013116512522423024	0.13929259460419458	-0.13929259460419458	0.5	-0.5
134	159	0.22674418604651161	0.19135802469135801	0.0353861613551536	0	0.0012521804154529662	0.13929259460419458	-0.13929259460419458	0.5	-0.5
135	160	0.22508305647840532	0.19135802469135801	0.033725031787047305	0	0.0011373777690373511	0.13929259460419458	-0.13929259460419458	0.5	-0.5
136	161	0.22508305647840532	0.19135802469135801	0.033725031787047305	0	0.0011373777690373511	0.13929259460419458	-0.13929259460419458	0.5	-0.5
137	162	0.22425249169435216	0.19135802469135801	0.03289446700299414	0	0.0010820459594110706	0.13929259460419458	-0.13929259460419458	0.5	-0.5
138	163	0.22508305647840532	0.19135802469135801	0.033725031787047305	0	0.0011373777690373511	0.13929259460419458	-0.13929259460419458	0.5	-0.5
139	164	0.22425249169435216	0.19444444444444445	0.02980804724990771	0	0.0008885196808527306	0.13929259460419458	-0.13929259460419458	0.5	-0.5
140	165	0.22425249169435216	0.19444444444444445	0.02980804724990771	0	0.0008885196808527306	0.13929259460419458	-0.13929259460419458	0.5	-0.5
141	166	0.22425249169435216	0.19444444444444445	0.02980804724990771	0	0.0008885196808527306	0.13929259460419458	-0.13929259460419458	0.5	-0.5
142	167	0.22508305647840532	0.18518518518518517	0.039897871293220144	0	0.00159184013373036	0.13929259460419458	-0.13929259460419458	0.5	-0.5
143	168	0.2159468438538206	0.17901234567901234	0.03693449817480826	0	0.0013641571554249149	0.13929259460419458	-0.13929259460419458	0.5	-0.5
144	169	0.21677740863787376	0.1882716049382716	0.02850580369960215	0	0.0008125808445602516	0.13929259460419458	-0.13929259460419458	0.5	-0.5
145	170	0.21677740863787376	0.1882716049382716	0.02850580369960215	0	0.0008125808445602516	0.13929259460419458	-0.13929259460419458	0.5	-0.5
146	171	0.21428571428571427	0.17592592592592593	0.038359788359788344	0	0.0014714733630077532	0.13929259460419458	-0.13929259460419458	0.5	-0.5
147	172	0.21345514950166114	0.17901234567901234	0.034442803822648804	0	0.001186306735165471	0.13929259460419458	-0.13929259460419458	0.5	-0.5
148	173	0.20431893687707642	0.1697530864197531	0.03456585045732333	0	0.0011947980178380392	0.13929259460419458	-0.13929259460419458	0.5	-0.5
149	174	0.2009966777408638	0.16049382716049382	0.04050285058036998	0	0.001640480905135777	0.13929259460419458	-0.13929259460419458	0.5	-0.5
150	175	0.19601328903654486	0.15123456790123457	0.044778721135310284	0	0.002005133866513884	0.13929259460419458	-0.13929259460419458	0.5	-0.5
151	176	0.1461794019933555	0.12037037037037036	0.025809031622985132	0	0.0006661061133162465	0.13929259460419458	-0.13929259460419458	0.5	-0.5
152	177	0.1461794019933555	0.12654320987654322	0.01963619211681228	0	0.00038558004084836067	0.13929259460419458	-0.13929259460419458	0.5	-0.5
153	178	0.1478405315614618	0.12654320987654322	0.021297321684918574	0	0.00045357591095090293	0.13929259460419458	-0.13929259460419458	0.5	-0.5
154	179	0.1478405315614618	0.12962962962962962	0.01821090193183217	0	0.0003316369491708086	0.13929259460419458	-0.13929259460419458	0.5	-0.5
155	180	0.15780730897009967	0.12962962962962962	0.028177679340470052	0	0.0007939816130143527	0.13929259460419458	-0.13929259460419458	0.5	-0.5
156	181	0.15780730897009967	0.12962962962962962	0.028177679340470052	0	0.0007939816130143527	0.13929259460419458	-0.13929259460419458	0.5	-0.5
157	182	0.1569767441860465	0.12654320987654322	0.030433534309503296	0	0.0009262000105677143	0.13929259460419458	-0.13929259460419458	0.5	-0.5
158	183	0.15614617940199335	0.12654320987654322	0.029602969525450135	0	0.0008763358047247293	0.13929259460419458	-0.13929259460419458	0.5	-0.5
159	184	0.14950166112956811	0.09567901234567901	0.05382264878388911	0	0.0028968775221138794	0.13929259460419458	-0.13929259460419458	0.5	-0.5
160	185	0.14950166112956811	0.09567901234567901	0.05382264878388911	0	0.0028968775221138794	0.13929259460419458	-0.13929259460419458	0.5	-0.5
161	186	0.15033222591362128	0.09567901234567901	0.05465321356794227	0	0.002986973753303109	0.13929259460419458	-0.13929259460419458	0.5	-0.5
162	187	0.1553156146179402	0.11419753086419752	0.041118083753742665	0	0.0016906968115797964	0.13929259460419458	-0.13929259460419458	0.5	-0.5
163	188	0.15614617940199335	0.11728395061728394	0.03886222878470941	0	0.0015102728261150965	0.13929259460419458	-0.13929259460419458	0.5	-0.5
164	189	0.15448504983388706	0.11419753086419752	0.04028751896968953	0	0.0016230841847330937	0.13929259460419458	-0.13929259460419458	0.5	-0.5
165	190	0.15448504983388706	0.11419753086419752	0.04028751896968953	0	0.0016230841847330937	0.13929259460419458	-0.13929259460419458	0.5	-0.5
166	191	0.15448504983388706	0.11419753086419752	0.04028751896968953	0	0.0016230841847330937	0.13929259460419458	-0.13929259460419458	0.5	-0.5
167	192	0.15448504983388706	0.10185185185185185	0.05263319798203521	0	0.0027702535298161153	0.13929259460419458	-0.13929259460419458	0.5	-0.5
168	193	0.1553156146179402	0.10185185185185185	0.053463762766088344	0	0.0028583739291085744	0.13929259460419458	-0.13929259460419458	0.5	-0.5
169	194	0.1536544850498339	0.10185185185185185	0.05180263319798205	0	0.0026835128062446716	0.13929259460419458	-0.13929259460419458	0.5	-0.5
170	195	0.1569767441860465	0.10185185185185185	0.05512489233419467	0	0.003038753754856554	0.13929259460419458	-0.13929259460419458	0.5	-0.5
171	196	0.15780730897009967	0.10493827160493827	0.05286903736516141	0	0.0027951351119188334	0.13929259460419458	-0.13929259460419458	0.5	-0.5
172	197	0.06893687707641195	0.09567901234567901	-0.026742135269267053	0	0.0007151417987597768	0.13929259460419458	-0.13929259460419458	0.5	-0.5
173	198	0.06727574750830564	0.09567901234567901	-0.028403264837373363	0	0.0008067454534219701	0.13929259460419458	-0.13929259460419458	0.5	-0.5
174	199	0.06976744186046512	0.09567901234567901	-0.02591157048521389	0	0.0006714094850102077	0.13929259460419458	-0.13929259460419458	0.5	-0.5
175	200	0.08388704318936877	0.1111111111111111	-0.02722406792174234	0	0.0007411498742076403	0.13929259460419458	-0.13929259460419458	0.5	-0.5
176	201	0.08305647840531562	0.08641975308641975	-0.003363274681104131	0	1.1311616580556093e-05	0.13929259460419458	-0.13929259460419458	0.5	-0.5
177	202	0.08471760797342193	0.08641975308641975	-0.0017021451129978216	0	2.897297985702367e-06	0.13929259460419458	-0.13929259460419458	0.5	-0.5
178	203	0.08139534883720931	0.08950617283950617	-0.00811082400229686	0	6.578546599623485e-05	0.13929259460419458	-0.13929259460419458	0.5	-0.5
179	204	0.07973421926910298	0.08641975308641975	-0.006685533817316763	0	4.469636242248605e-05	0.13929259460419458	-0.13929259460419458	0.5	-0.5
180	205	0.07890365448504984	0.08641975308641975	-0.007516098601369911	0	5.6491738185514734e-05	0.13929259460419458	-0.13929259460419458	0.5	-0.5
181	206	0.07308970099667775	0.08641975308641975	-0.013330052089742	0	0.00017769028871523508	0.13929259460419458	-0.13929259460419458	0.5	-0.5
182	207	0.07225913621262459	0.08641975308641975	-0.014160616873795162	0	0.00020052307024641226	0.13929259460419458	-0.13929259460419458	0.5	-0.5
183	208	0.08803986710963455	0.08641975308641975	0.001620114023214797	0	2.624769448217236e-06	0.13929259460419458	-0.13929259460419458	0.5	-0.5
184	209	0.08970099667774087	0.08641975308641975	0.00328124359132112	0	1.0766559505585922e-05	0.13929259460419458	-0.13929259460419458	0.5	-0.5
185	210	0.0946843853820598	0.08333333333333333	0.011351052048726468	0	0.00012884638261289734	0.13929259460419458	-0.13929259460419458	0.5	-0.5
186	211	0.0946843853820598	0.08333333333333333	0.011351052048726468	0	0.00012884638261289734	0.13929259460419458	-0.13929259460419458	0.5	-0.5
187	212	0.09717607973421927	0.08333333333333333	0.013842746400885939	0	0.0001916216279192406	0.13929259460419458	-0.13929259460419458	0.5	-0.5
188	213	0.21843853820598005	0.10802469135802469	0.11041384684795537	0	0.012191217575763743	0.13929259460419458	-0.13929259460419458	0.5	-0.5
189	214	0.21843853820598005	0.10493827160493827	0.11350026660104179	0	0.012882310518507563	0.13929259460419458	-0.13929259460419458	0.5	-0.5
190	215	0.21843853820598005	0.12345679012345678	0.09498174808252327	0	0.009021532468811913	0.13929259460419458	-0.13929259460419458	0.5	-0.5
191	216	0.21677740863787376	0.12345679012345678	0.09332061851441698	0	0.008708737839913345	0.13929259460419458	-0.13929259460419458	0.5	-0.5
192	217	0.2292358803986711	0.13580246913580246	0.09343341126286864	0	0.008729802340216348	0.13929259460419458	-0.13929259460419458	0.5	-0.5
193	218	0.23338870431893688	0.13580246913580246	0.09758623518313442	0	0.009523073297218021	0.13929259460419458	-0.13929259460419458	0.5	-0.5
194	219	0.23089700996677742	0.12654320987654322	0.1043538000902342	0	0.010889715593272564	0.13929259460419458	-0.13929259460419458	0.5	-0.5
195	220	0.23172757475083056	0.12654320987654322	0.10518436487428734	0	0.011063750614007212	0.13929259460419458	-0.13929259460419458	0.5	-0.5
196	221	0.23089700996677742	0.12654320987654322	0.1043538000902342	0	0.010889715593272564	0.13929259460419458	-0.13929259460419458	0.5	-0.5
197	222	0.24169435215946844	0.12345679012345678	0.11823756203601166	0	0.013980121076219706	0.13929259460419458	-0.13929259460419458	0.5	-0.5
198	223	0.24335548172757476	0.12654320987654322	0.11681227185103155	0	0.013645106854999298	0.13929259460419458	-0.13929259460419458	0.5	-0.5
199	224	0.24335548172757476	0.11728395061728394	0.12607153111029082	0	0.015894030956493027	0.13929259460419458	-0.13929259460419458	0.5	-0.5
200	225	0.26578073089701	0.12654320987654322	0.13923752102046677	0	0.019387087259924926	0.13929259460419458	-0.13929259460419458	0.5	-0.5
201	226	0.2815614617940199	0.1419753086419753	0.13958615315204462	0	0.019484294151786055	0.13929259460419458	-0.13929259460419458	0.5	-0.5
202	227	0.2815614617940199	0.13580246913580246	0.14575899265821746	0	0.02124568394073829	0.13929259460419458	-0.13929259460419458	0.5	-0.5
203	228	0.2799003322259136	0.13580246913580246	0.14409786309011113	0	0.020764194147136414	0.13929259460419458	-0.13929259460419458	0.5	-0.5
204	229	0.2799003322259136	0.13271604938271606	0.14718428284319754	0	0.021663213116066372	0.13929259460419458	-0.13929259460419458	0.5	-0.5
205	230	0.2666112956810631	0.13271604938271606	0.13389524629834706	0	0.017927936981295023	0.13929259460419458	-0.13929259460419458	0.5	-0.5
206	231	0.2666112956810631	0.13271604938271606	0.13389524629834706	0	0.017927936981295023	0.13929259460419458	-0.13929259460419458	0.5	-0.5
207	232	0.26744186046511625	0.13271604938271606	0.1347258110824002	0	0.018151044171810588	0.13929259460419458	-0.13929259460419458	0.5	-0.5
208	233	0.26744186046511625	0.13271604938271606	0.1347258110824002	0	0.018151044171810588	0.13929259460419458	-0.13929259460419458	0.5	-0.5
209	234	0.26993355481727577	0.15123456790123457	0.1186989869160412	0	0.014089449494894518	0.13929259460419458	-0.13929259460419458	0.5	-0.5
210	235	0.2707641196013289	0.16358024691358025	0.10718387268774865	0	0.011488382564343511	0.13929259460419458	-0.13929259460419458	0.5	-0.5
211	236	0.2707641196013289	0.16358024691358025	0.10718387268774865	0	0.011488382564343511	0.13929259460419458	-0.13929259460419458	0.5	-0.5
212	237	0.29485049833887045	0.15123456790123457	0.14361593043763587	0	0.020625535475467867	0.13929259460419458	-0.13929259460419458	0.5	-0.5
213	238	0.29485049833887045	0.14814814814814814	0.1467023501907223	0	0.02152157955148132	0.13929259460419458	-0.13929259460419458	0.5	-0.5
214	239	0.29485049833887045	0.14814814814814814	0.1467023501907223	0	0.02152157955148132	0.13929259460419458	-0.13929259460419458	0.5	-0.5
215	240	0.2956810631229236	0.14814814814814814	0.14753291497477544	0	0.02176596100095432	0.13929259460419458	-0.13929259460419458	0.5	-0.5
216	241	0.29485049833887045	0.16666666666666666	0.1281838316722038	0	0.016431094702167876	0.13929259460419458	-0.13929259460419458	0.5	-0.5
217	242	0.29401993355481726	0.16666666666666666	0.1273532668881506	0	0.016218854587084518	0.13929259460419458	-0.13929259460419458	0.5	-0.5
218	243	0.2931893687707641	0.16666666666666666	0.12652270210409747	0	0.01600799414772219	0.13929259460419458	-0.13929259460419458	0.5	-0.5
219	244	0.2931893687707641	0.16666666666666666	0.12652270210409747	0	0.01600799414772219	0.13929259460419458	-0.13929259460419458	0.5	-0.5
220	245	0.2915282392026578	0.16666666666666666	0.12486157253599114	0	0.015590412296160578	0.13929259460419458	-0.13929259460419458	0.5	-0.5
221	246	0.29069767441860467	0.16358024691358025	0.12711742750502442	0	0.01615884037549514	0.13929259460419458	-0.13929259460419458	0.5	-0.5
222	247	0.29069767441860467	0.16358024691358025	0.12711742750502442	0	0.01615884037549514	0.13929259460419458	-0.13929259460419458	0.5	-0.5
223	248	0.29069767441860467	0.16358024691358025	0.12711742750502442	0	0.01615884037549514	0.13929259460419458	-0.13929259460419458	0.5	-0.5
224	249	0.28820598006644516	0.16358024691358025	0.1246257331528649	0	0.01553157336388909	0.13929259460419458	-0.13929259460419458	0.5	-0.5
225	250	0.2757475083056478	0.14506172839506173	0.13068577991058608	0	0.017078773070838143	0.13929259460419458	-0.13929259460419458	0.5	-0.5
226	251	0.27408637873754155	0.14506172839506173	0.1290246503424798	0	0.016647360395999178	0.13929259460419458	-0.13929259460419458	0.5	-0.5
227	252	0.2749169435215947	0.14506172839506173	0.12985521512653295	0	0.01686237689555815	0.13929259460419458	-0.13929259460419458	0.5	-0.5
228	253	0.27408637873754155	0.1419753086419753	0.13211107009556625	0	0.017453334841795617	0.13929259460419458	-0.13929259460419458	0.5	-0.5
229	254	0.27325581395348836	0.1419753086419753	0.13128050531151306	0	0.01723457107484621	0.13929259460419458	-0.13929259460419458	0.5	-0.5
230	255	0.27159468438538203	0.1419753086419753	0.12961937574340673	0	0.01680118256811046	0.13929259460419458	-0.13929259460419458	0.5	-0.5
231	256	0.2724252491694352	0.14814814814814814	0.12427710102128708	0	0.015444797838255196	0.13929259460419458	-0.13929259460419458	0.5	-0.5
232	257	0.2724252491694352	0.14814814814814814	0.12427710102128708	0	0.015444797838255196	0.13929259460419458	-0.13929259460419458	0.5	-0.5
233	258	0.2549833887043189	0.15123456790123457	0.10374882080308434	0	0.010763817818030506	0.13929259460419458	-0.13929259460419458	0.5	-0.5
234	259	0.2541528239202658	0.15123456790123457	0.1029182560190312	0	0.010592167421998854	0.13929259460419458	-0.13929259460419458	0.5	-0.5
235	260	0.24916943521594684	0.15432098765432098	0.09484844756162586	0	0.00899622800485049	0.13929259460419458	-0.13929259460419458	0.5	-0.5
236	261	0.24916943521594684	0.1574074074074074	0.09176202780853943	0	0.008420269747535163	0.13929259460419458	-0.13929259460419458	0.5	-0.5
237	262	0.24667774086378738	0.16049382716049382	0.08618391370329356	0	0.007427666981216752	0.13929259460419458	-0.13929259460419458	0.5	-0.5
238	263	0.12624584717607973	0.13580246913580246	-0.009556621959722733	0	9.132902328105477e-05	0.13929259460419458	-0.13929259460419458	0.5	-0.5
239	264	0.12624584717607973	0.13580246913580246	-0.009556621959722733	0	9.132902328105477e-05	0.13929259460419458	-0.13929259460419458	0.5	-0.5
240	265	0.12624584717607973	0.11728395061728394	0.008961896558795784	0	8.031558993055572e-05	0.13929259460419458	-0.13929259460419458	0.5	-0.5
241	266	0.12624584717607973	0.11728395061728394	0.008961896558795784	0	8.031558993055572e-05	0.13929259460419458	-0.13929259460419458	0.5	-0.5
242	267	0.11295681063122924	0.10493827160493827	0.008018539026290974	0	6.429696811615141e-05	0.13929259460419458	-0.13929259460419458	0.5	-0.5
243	268	0.10963455149501661	0.10493827160493827	0.004696279890078342	0	2.2055044805954243e-05	0.13929259460419458	-0.13929259460419458	0.5	-0.5
244	269	0.10963455149501661	0.10493827160493827	0.004696279890078342	0	2.2055044805954243e-05	0.13929259460419458	-0.13929259460419458	0.5	-0.5
245	270	0.10963455149501661	0.10493827160493827	0.004696279890078342	0	2.2055044805954243e-05	0.13929259460419458	-0.13929259460419458	0.5	-0.5
246	271	0.11129568106312292	0.11419753086419752	-0.0029018498010746074	0	8.420732267996738e-06	0.13929259460419458	-0.13929259460419458	0.5	-0.5
247	272	0.10132890365448505	0.11419753086419752	-0.012868627209712477	0	0.00016560156626255234	0.13929259460419458	-0.13929259460419458	0.5	-0.5
248	273	0.09966777408637874	0.1111111111111111	-0.011443337024732367	0	0.0001309499622616106	0.13929259460419458	-0.13929259460419458	0.5	-0.5
249	274	0.09966777408637874	0.1111111111111111	-0.011443337024732367	0	0.0001309499622616106	0.13929259460419458	-0.13929259460419458	0.5	-0.5
250	275	0.07807308970099668	0.10185185185185185	-0.02377876215085517	0	0.0005654295294269424	0.13929259460419458	-0.13929259460419458	0.5	-0.5
251	276	0.06561461794019934	0.12962962962962962	-0.06401501168943029	0	0.004097921721597896	0.13929259460419458	-0.13929259460419458	0.5	-0.5
252	277	0.06727574750830564	0.12962962962962962	-0.06235388212132398	0	0.0038880066155999662	0.13929259460419458	-0.13929259460419458	0.5	-0.5
253	278	0.0664451827242525	0.13580246913580246	-0.06935728641154996	0	0.0048104331783737735	0.13929259460419458	-0.13929259460419458	0.5	-0.5
254	279	0.06976744186046512	0.13580246913580246	-0.06603502727533735	0	0.004360624827254547	0.13929259460419458	-0.13929259460419458	0.5	-0.5
255	280	0.0681063122923588	0.13580246913580246	-0.06769615684344366	0	0.004582769651372123	0.13929259460419458	-0.13929259460419458	0.5	-0.5
256	281	0.0681063122923588	0.13580246913580246	-0.06769615684344366	0	0.004582769651372123	0.13929259460419458	-0.13929259460419458	0.5	-0.5
257	282	0.06727574750830564	0.1419753086419753	-0.07469956113366966	0	0.00558002443356285	0.13929259460419458	-0.13929259460419458	0.5	-0.5
258	283	0.06727574750830564	0.1419753086419753	-0.07469956113366966	0	0.00558002443356285	0.13929259460419458	-0.13929259460419458	0.5	-0.5
259	284	0.06478405315614617	0.12345679012345678	-0.05867273696731061	0	0.003442490063235217	0.13929259460419458	-0.13929259460419458	0.5	-0.5
260	285	0.06229235880398671	0.1111111111111111	-0.048818752307124395	0	0.0023832705768243633	0.13929259460419458	-0.13929259460419458	0.5	-0.5
261	286	0.061461794019933555	0.1111111111111111	-0.04964931709117755	0	0.0024650546876202953	0.13929259460419458	-0.13929259460419458	0.5	-0.5
262	287	0.03239202657807309	0.10493827160493827	-0.07254624502686519	0	0.005262957667497962	0.13929259460419458	-0.13929259460419458	0.5	-0.5
263	288	0.03239202657807309	0.10493827160493827	-0.07254624502686519	0	0.005262957667497962	0.13929259460419458	-0.13929259460419458	0.5	-0.5
264	289	0.03239202657807309	0.10493827160493827	-0.07254624502686519	0	0.005262957667497962	0.13929259460419458	-0.13929259460419458	0.5	-0.5
265	290	0.03156146179401993	0.10493827160493827	-0.07337680981091833	0	0.005384156218027681	0.13929259460419458	-0.13929259460419458	0.5	-0.5
266	291	0.029900332225913623	0.08641975308641975	-0.056519420860506125	0	0.003194444934407015	0.13929259460419458	-0.13929259460419458	0.5	-0.5
267	292	0.029900332225913623	0.08641975308641975	-0.056519420860506125	0	0.003194444934407015	0.13929259460419458	-0.13929259460419458	0.5	-0.5
268	293	0.03239202657807309	0.08641975308641975	-0.05402772650834666	0	0.0029189952316607047	0.13929259460419458	-0.13929259460419458	0.5	-0.5
269	294	0.03239202657807309	0.08641975308641975	-0.05402772650834666	0	0.0029189952316607047	0.13929259460419458	-0.13929259460419458	0.5	-0.5
270	295	0.03156146179401993	0.08641975308641975	-0.054858291292399816	0	0.0030094321235217894	0.13929259460419458	-0.13929259460419458	0.5	-0.5
271	296	0.03322259136212625	0.08641975308641975	-0.0531971617242935	0	0.0028299380155206375	0.13929259460419458	-0.13929259460419458	0.5	-0.5
272	297	0.03820598006644518	0.08641975308641975	-0.048213773019974565	0	0.0023245679088216274	0.13929259460419458	-0.13929259460419458	0.5	-0.5
273	298	0.04318936877076412	0.08641975308641975	-0.04323038431565563	0	0.0018688661280792842	0.13929259460419458	-0.13929259460419458	0.5	-0.5
274	299	0.04318936877076412	0.08641975308641975	-0.04323038431565563	0	0.0018688661280792842	0.13929259460419458	-0.13929259460419458	0.5	-0.5
275	300	0.04152823920265781	0.08641975308641975	-0.04489151388376194	0	0.002015248018775991	0.13929259460419458	-0.13929259460419458	0.5	-0.5
276	301	0.04152823920265781	0.08641975308641975	-0.04489151388376194	0	0.002015248018775991	0.13929259460419458	-0.13929259460419458	0.5	-0.5
277	302	0.03903654485049834	0.08641975308641975	-0.04738320823592141	0	0.0022451684227286907	0.13929259460419458	-0.13929259460419458	0.5	-0.5
278	303	0.03986710963455149	0.08641975308641975	-0.046552643451868256	0	0.0021671486123567723	0.13929259460419458	-0.13929259460419458	0.5	-0.5
279	304	0.061461794019933555	0.09259259259259259	-0.031130798572659032	0	0.0009691266197714697	0.13929259460419458	-0.13929259460419458	0.5	-0.5
280	305	0.08637873754152824	0.10185185185185185	-0.01547311431032361	0	0.0002394172664603413	0.13929259460419458	-0.13929259460419458	0.5	-0.5
281	306	0.08554817275747509	0.09567901234567901	-0.010130839588203919	0	0.00010263391076191974	0.13929259460419458	-0.13929259460419458	0.5	-0.5
282	307	0.0872093023255814	0.09567901234567901	-0.00846971002009761	0	7.173598782454184e-05	0.13929259460419458	-0.13929259460419458	0.5	-0.5
283	308	0.0872093023255814	0.09259259259259259	-0.00538329026701119	0	2.8979814098897407e-05	0.13929259460419458	-0.13929259460419458	0.5	-0.5
284	309	0.0888704318936877	0.10185185185185185	-0.01298141995816414	0	0.00016851726413022225	0.13929259460419458	-0.13929259460419458	0.5	-0.5
285	310	0.09053156146179402	0.11419753086419752	-0.02366596940240351	0	0.0005600781077554991	0.13929259460419458	-0.13929259460419458	0.5	-0.5
286	311	0.09053156146179402	0.1111111111111111	-0.02057954964931709	0	0.0004235178637687071	0.13929259460419458	-0.13929259460419458	0.5	-0.5
287	312	0.09136212624584718	0.10802469135802469	-0.016662565112177508	0	0.00027764107611755504	0.13929259460419458	-0.13929259460419458	0.5	-0.5
288	313	0.09053156146179402	0.10802469135802469	-0.01749312989623067	0	0.0003060095935663992	0.13929259460419458	-0.13929259460419458	0.5	-0.5
289	314	0.09053156146179402	0.10802469135802469	-0.01749312989623067	0	0.0003060095935663992	0.13929259460419458	-0.13929259460419458	0.5	-0.5
290	315	0.09053156146179402	0.12037037037037036	-0.029838808908576347	0	0.0008903545170825352	0.13929259460419458	-0.13929259460419458	0.5	-0.5
291	316	0.10132890365448505	0.13271604938271606	-0.03138714572823101	0	0.0009851529169652101	0.13929259460419458	-0.13929259460419458	0.5	-0.5
292	317	0.10215946843853821	0.13271604938271606	-0.030556580944177847	0	0.0009337046389980928	0.13929259460419458	-0.13929259460419458	0.5	-0.5
293	318	0.10132890365448505	0.13271604938271606	-0.03138714572823101	0	0.0009851529169652101	0.13929259460419458	-0.13929259460419458	0.5	-0.5
294	319	0.10132890365448505	0.13271604938271606	-0.03138714572823101	0	0.0009851529169652101	0.13929259460419458	-0.13929259460419458	0.5	-0.5
295	320	0.10132890365448505	0.13271604938271606	-0.03138714572823101	0	0.0009851529169652101	0.13929259460419458	-0.13929259460419458	0.5	-0.5
296	321	0.09966777408637874	0.12345679012345678	-0.023789016037078045	0	0.0005659172840123564	0.13929259460419458	-0.13929259460419458	0.5	-0.5
297	322	0.09883720930232558	0.12345679012345678	-0.024619580821131207	0	0.0006061237598082115	0.13929259460419458	-0.13929259460419458	0.5	-0.5
298	323	0.09800664451827243	0.12345679012345678	-0.025450145605184354	0	0.0006477099113250845	0.13929259460419458	-0.13929259460419458	0.5	-0.5
299	324	0.09717607973421927	0.12037037037037036	-0.023194290636151096	0	0.0005379751181142465	0.13929259460419458	-0.13929259460419458	0.5	-0.5
300	325	0.09634551495016612	0.12037037037037036	-0.024024855420204244	0	0.0005771936779617173	0.13929259460419458	-0.13929259460419458	0.5	-0.5
301	326	0.09302325581395349	0.07716049382716049	0.015862761986792998	0	0.00025162721784964493	0.13929259460419458	-0.13929259460419458	0.5	-0.5
302	327	0.09053156146179402	0.07716049382716049	0.013371067634633527	0	0.0001787854496899442	0.13929259460419458	-0.13929259460419458	0.5	-0.5
303	328	0.08970099667774087	0.07098765432098765	0.018713342356753218	0	0.0003501891821610541	0.13929259460419458	-0.13929259460419458	0.5	-0.5
304	329	0.08637873754152824	0.07098765432098765	0.015391083220540586	0	0.00023688544270160597	0.13929259460419458	-0.13929259460419458	0.5	-0.5
305	330	0.0888704318936877	0.07098765432098765	0.017882777572700057	0	0.00031979373371466413	0.13929259460419458	-0.13929259460419458	0.5	-0.5
306	331	0.08803986710963455	0.07098765432098765	0.017052212788646895	0	0.00029077796098929274	0.13929259460419458	-0.13929259460419458	0.5	-0.5
307	332	0.08970099667774087	0.06481481481481481	0.024886181862926057	0	0.0006193220477146298	0.13929259460419458	-0.13929259460419458	0.5	-0.5
308	333	0.11129568106312292	0.07716049382716049	0.03413518723596243	0	0.0011652110076342123	0.13929259460419458	-0.13929259460419458	0.5	-0.5
309	334	0.11129568106312292	0.08024691358024691	0.031048767482876008	0	0.0009640259622056986	0.13929259460419458	-0.13929259460419458	0.5	-0.5
310	335	0.11129568106312292	0.08024691358024691	0.031048767482876008	0	0.0009640259622056986	0.13929259460419458	-0.13929259460419458	0.5	-0.5
311	336	0.11129568106312292	0.08024691358024691	0.031048767482876008	0	0.0009640259622056986	0.13929259460419458	-0.13929259460419458	0.5	-0.5
312	337	0.11129568106312292	0.08024691358024691	0.031048767482876008	0	0.0009640259622056986	0.13929259460419458	-0.13929259460419458	0.5	-0.5
313	338	0.11046511627906977	0.08024691358024691	0.03021820269882286	0	0.0009131397743471452	0.13929259460419458	-0.13929259460419458	0.5	-0.5
314	339	0.11046511627906977	0.08024691358024691	0.03021820269882286	0	0.0009131397743471452	0.13929259460419458	-0.13929259460419458	0.5	-0.5
315	340	0.11378737541528239	0.08024691358024691	0.03354046183503548	0	0.0011249625801074716	0.13929259460419458	-0.13929259460419458	0.5	-0.5
316	341	0.11378737541528239	0.08024691358024691	0.03354046183503548	0	0.0011249625801074716	0.13929259460419458	-0.13929259460419458	0.5	-0.5
317	342	0.11627906976744186	0.08333333333333333	0.03294573643410853	0	0.0010854215491857462	0.13929259460419458	-0.13929259460419458	0.5	-0.5
318	343	0.11378737541528239	0.08333333333333333	0.03045404208194906	0	0.0009274486791291242	0.13929259460419458	-0.13929259460419458	0.5	-0.5
319	344	0.11378737541528239	0.08333333333333333	0.03045404208194906	0	0.0009274486791291242	0.13929259460419458	-0.13929259460419458	0.5	-0.5
320	345	0.11295681063122924	0.08333333333333333	0.02962347729789591	0	0.0008775504072189545	0.13929259460419458	-0.13929259460419458	0.5	-0.5
321	346	0.11129568106312292	0.08333333333333333	0.02796234772978959	0	0.000781892890561669	0.13929259460419458	-0.13929259460419458	0.5	-0.5
322	347	0.10714285714285714	0.08333333333333333	0.023809523809523808	0	0.0005668934240362811	0.13929259460419458	-0.13929259460419458	0.5	-0.5
323	348	0.10299003322259136	0.08333333333333333	0.019656699889258028	0	0.00038638585053635656	0.13929259460419458	-0.13929259460419458	0.5	-0.5
324	349	0.10299003322259136	0.08333333333333333	0.019656699889258028	0	0.00038638585053635656	0.13929259460419458	-0.13929259460419458	0.5	-0.5
325	350	0.10382059800664452	0.08333333333333333	0.02048726467331119	0	0.00041972801379430464	0.13929259460419458	-0.13929259460419458	0.5	-0.5
326	351	0.10382059800664452	0.08333333333333333	0.02048726467331119	0	0.00041972801379430464	0.13929259460419458	-0.13929259460419458	0.5	-0.5
327	352	0.10382059800664452	0.10493827160493827	-0.0011176735982937475	0	1.2491942723228932e-06	0.13929259460419458	-0.13929259460419458	0.5	-0.5
328	353	0.10299003322259136	0.10493827160493827	-0.001948238382346909	0	3.795632794449701e-06	0.13929259460419458	-0.13929259460419458	0.5	-0.5
329	354	0.08139534883720931	0.1111111111111111	-0.029715762273901797	0	0.0008830265275190452	0.13929259460419458	-0.13929259460419458	0.5	-0.5
330	355	0.057308970099667775	0.10185185185185185	-0.04454288175218407	0	0.0019840683147890528	0.13929259460419458	-0.13929259460419458	0.5	-0.5
331	356	0.057308970099667775	0.10802469135802469	-0.05071572125835691	0	0.002572084382755355	0.13929259460419458	-0.13929259460419458	0.5	-0.5
332	357	0.05564784053156146	0.10802469135802469	-0.05237685082646323	0	0.002743334502497582	0.13929259460419458	-0.13929259460419458	0.5	-0.5
333	358	0.057308970099667775	0.10802469135802469	-0.05071572125835691	0	0.002572084382755355	0.13929259460419458	-0.13929259460419458	0.5	-0.5
334	359	0.05564784053156146	0.09876543209876543	-0.04311759156720397	0	0.0018591267025562187	0.13929259460419458	-0.13929259460419458	0.5	-0.5
335	360	0.05398671096345515	0.08333333333333333	-0.02934662236987818	0	0.0008612242445202344	0.13929259460419458	-0.13929259460419458	0.5	-0.5
336	361	0.05647840531561462	0.08333333333333333	-0.02685492801771871	0	0.0007211871588368533	0.13929259460419458	-0.13929259460419458	0.5	-0.5
337	362	0.0664451827242525	0.08641975308641975	-0.01997457036216725	0	0.0003989834611531704	0.13929259460419458	-0.13929259460419458	0.5	-0.5
338	363	0.0664451827242525	0.08641975308641975	-0.01997457036216725	0	0.0003989834611531704	0.13929259460419458	-0.13929259460419458	0.5	-0.5
339	364	0.06893687707641195	0.08641975308641975	-0.017482876010007795	0	0.00030565095358130607	0.13929259460419458	-0.13929259460419458	0.5	-0.5
340	365	0.06893687707641195	0.07407407407407407	-0.005137196997662116	0	2.6390792992788662e-05	0.13929259460419458	-0.13929259460419458	0.5	-0.5
341	366	0.05813953488372093	0.06172839506172839	-0.003588860178007462	0	1.2879917377287753e-05	0.13929259460419458	-0.13929259460419458	0.5	-0.5
342	367	0.057308970099667775	0.06172839506172839	-0.004419424962060617	0	1.9531316995284483e-05	0.13929259460419458	-0.13929259460419458	0.5	-0.5
343	368	0.057308970099667775	0.06172839506172839	-0.004419424962060617	0	1.9531316995284483e-05	0.13929259460419458	-0.13929259460419458	0.5	-0.5
344	369	0.05813953488372093	0.06172839506172839	-0.003588860178007462	0	1.2879917377287753e-05	0.13929259460419458	-0.13929259460419458	0.5	-0.5
345	370	0.057308970099667775	0.06172839506172839	-0.004419424962060617	0	1.9531316995284483e-05	0.13929259460419458	-0.13929259460419458	0.5	-0.5
346	371	0.057308970099667775	0.06172839506172839	-0.004419424962060617	0	1.9531316995284483e-05	0.13929259460419458	-0.13929259460419458	0.5	-0.5
347	372	0.057308970099667775	0.06172839506172839	-0.004419424962060617	0	1.9531316995284483e-05	0.13929259460419458	-0.13929259460419458	0.5	-0.5
348	373	0.057308970099667775	0.06172839506172839	-0.004419424962060617	0	1.9531316995284483e-05	0.13929259460419458	-0.13929259460419458	0.5	-0.5
349	374	0.05813953488372093	0.06172839506172839	-0.003588860178007462	0	1.2879917377287753e-05	0.13929259460419458	-0.13929259460419458	0.5	-0.5
350	375	0.057308970099667775	0.06172839506172839	-0.004419424962060617	0	1.9531316995284483e-05	0.13929259460419458	-0.13929259460419458	0.5	-0.5
351	376	0.057308970099667775	0.06172839506172839	-0.004419424962060617	0	1.9531316995284483e-05	0.13929259460419458	-0.13929259460419458	0.5	-0.5
352	377	0.057308970099667775	0.06172839506172839	-0.004419424962060617	0	1.9531316995284483e-05	0.13929259460419458	-0.13929259460419458	0.5	-0.5
353	378	0.057308970099667775	0.06172839506172839	-0.004419424962060617	0	1.9531316995284483e-05	0.13929259460419458	-0.13929259460419458	0.5	-0.5
354	379	0.05647840531561462	0.06172839506172839	-0.0052499897461137715	0	2.7562392334299744e-05	0.13929259460419458	-0.13929259460419458	0.5	-0.5
355	380	0.05398671096345515	0.06172839506172839	-0.007741684098273242	0	5.9933672677456784e-05	0.13929259460419458	-0.13929259460419458	0.5	-0.5
356	381	0.05398671096345515	0.06172839506172839	-0.007741684098273242	0	5.9933672677456784e-05	0.13929259460419458	-0.13929259460419458	0.5	-0.5
357	382	0.05232558139534884	0.06172839506172839	-0.009402813666379552	0	8.841290484465407e-05	0.13929259460419458	-0.13929259460419458	0.5	-0.5
358	383	0.030730897009966777	0.04938271604938271	-0.018651819039415936	0	0.0003478903534791188	0.13929259460419458	-0.13929259460419458	0.5	-0.5
359	384	0.030730897009966777	0.046296296296296294	-0.015565399286329516	0	0.00024228165494286742	0.13929259460419458	-0.13929259460419458	0.5	-0.5
360	385	0.030730897009966777	0.046296296296296294	-0.015565399286329516	0	0.00024228165494286742	0.13929259460419458	-0.13929259460419458	0.5	-0.5
361	386	0.030730897009966777	0.046296296296296294	-0.015565399286329516	0	0.00024228165494286742	0.13929259460419458	-0.13929259460419458	0.5	-0.5
362	387	0.030730897009966777	0.046296296296296294	-0.015565399286329516	0	0.00024228165494286742	0.13929259460419458	-0.13929259460419458	0.5	-0.5
363	388	0.030730897009966777	0.046296296296296294	-0.015565399286329516	0	0.00024228165494286742	0.13929259460419458	-0.13929259460419458	0.5	-0.5
364	389	0.030730897009966777	0.046296296296296294	-0.015565399286329516	0	0.00024228165494286742	0.13929259460419458	-0.13929259460419458	0.5	-0.5
365	390	0.027408637873754152	0.046296296296296294	-0.018887658422542142	0	0.0003567436406866271	0.13929259460419458	-0.13929259460419458	0.5	-0.5
366	391	0.027408637873754152	0.046296296296296294	-0.018887658422542142	0	0.0003567436406866271	0.13929259460419458	-0.13929259460419458	0.5	-0.5
367	392	0.024916943521594685	0.043209876543209874	-0.01829293302161519	0	0.0003346313985332994	0.13929259460419458	-0.13929259460419458	0.5	-0.5
368	393	0.024916943521594685	0.043209876543209874	-0.01829293302161519	0	0.0003346313985332994	0.13929259460419458	-0.13929259460419458	0.5	-0.5
369	394	0.02574750830564784	0.043209876543209874	-0.017462368237562035	0	0.00030493430446421543	0.13929259460419458	-0.13929259460419458	0.5	-0.5
370	395	0.02574750830564784	0.043209876543209874	-0.017462368237562035	0	0.00030493430446421543	0.13929259460419458	-0.13929259460419458	0.5	-0.5
371	396	0.024916943521594685	0.043209876543209874	-0.01829293302161519	0	0.0003346313985332994	0.13929259460419458	-0.13929259460419458	0.5	-0.5
372	397	0.02408637873754153	0.043209876543209874	-0.019123497805668344	0	0.000365708168323402	0.13929259460419458	-0.13929259460419458	0.5	-0.5
373	398	0.023255813953488372	0.043209876543209874	-0.019954062589721502	0	0.0003981646138345232	0.13929259460419458	-0.13929259460419458	0.5	-0.5
374	399	0.023255813953488372	0.043209876543209874	-0.019954062589721502	0	0.0003981646138345232	0.13929259460419458	-0.13929259460419458	0.5	-0.5
375	400	0.022425249169435217	0.043209876543209874	-0.020784627373774657	0	0.0004320007350666628	0.13929259460419458	-0.13929259460419458	0.5	-0.5
376	401	0.022425249169435217	0.043209876543209874	-0.020784627373774657	0	0.0004320007350666628	0.13929259460419458	-0.13929259460419458	0.5	-0.5
377	402	0.022425249169435217	0.021604938271604937	0.00082031089783028	0	6.729099690991201e-07	0.13929259460419458	-0.13929259460419458	0.5	-0.5
378	403	0.022425249169435217	0.021604938271604937	0.00082031089783028	0	6.729099690991201e-07	0.13929259460419458	-0.13929259460419458	0.5	-0.5
379	404	0.022425249169435217	0.009259259259259259	0.013165989910175958	0	0.00017334329031485515	0.13929259460419458	-0.13929259460419458	0.5	-0.5
380	405	0.02159468438538206	0.009259259259259259	0.0123354251261228	0	0.0001521627130421817	0.13929259460419458	-0.13929259460419458	0.5	-0.5
381	406	0.02159468438538206	0.0030864197530864196	0.01850826463229564	0	0.00034255585969908566	0.13929259460419458	-0.13929259460419458	0.5	-0.5
382	407	0.02159468438538206	0.0030864197530864196	0.01850826463229564	0	0.00034255585969908566	0.13929259460419458	-0.13929259460419458	0.5	-0.5
383	408	0.019933554817275746	0.0030864197530864196	0.016847135064189327	0	0.0002838259598710375	0.13929259460419458	-0.13929259460419458	0.5	-0.5
384	409	0.01910299003322259	0.0030864197530864196	0.016016570280136172	0	0.0002565305235385413	0.13929259460419458	-0.13929259460419458	0.5	-0.5
385	410	0.01910299003322259	0.0030864197530864196	0.016016570280136172	0	0.0002565305235385413	0.13929259460419458	-0.13929259460419458	0.5	-0.5
386	411	0.016611295681063124	0.0030864197530864196	0.013524875927976705	0	0.00018292226886716372	0.13929259460419458	-0.13929259460419458	0.5	-0.5
387	412	0.005813953488372093	0.0	0.005813953488372093	0	3.3802055164954025e-05	0.13929259460419458	-0.13929259460419458	0.5	-0.5
388	413	0.0049833887043189366	0.0	0.0049833887043189366	0	2.483416297833357e-05	0.13929259460419458	-0.13929259460419458	0.5	-0.5
389	414	0.0033222591362126247	0.0	0.0033222591362126247	0	1.1037405768148255e-05	0.13929259460419458	-0.13929259460419458	0.5	-0.5
390	415	0.0033222591362126247	0.0	0.0033222591362126247	0	1.1037405768148255e-05	0.13929259460419458	-0.13929259460419458	0.5	-0.5
391	416	0.0033222591362126247	0.0	0.0033222591362126247	0	1.1037405768148255e-05	0.13929259460419458	-0.13929259460419458	0.5	-0.5
392	417	0.0033222591362126247	0.0	0.0033222591362126247	0	1.1037405768148255e-05	0.13929259460419458	-0.13929259460419458	0.5	-0.5
393	418	0.0033222591362126247	0.0	0.0033222591362126247	0	1.1037405768148255e-05	0.13929259460419458	-0.13929259460419458	0.5	-0.5
394	419	0.0024916943521594683	0.0	0.0024916943521594683	0	6.208540744583393e-06	0.13929259460419458	-0.13929259460419458	0.5	-0.5
395	420	0.004152823920265781	0.0	0.004152823920265781	0	1.724594651273165e-05	0.13929259460419458	-0.13929259460419458	0.5	-0.5
396	421	0.004152823920265781	0.0	0.004152823920265781	0	1.724594651273165e-05	0.13929259460419458	-0.13929259460419458	0.5	-0.5
397	422	0.004152823920265781	0.0	0.004152823920265781	0	1.724594651273165e-05	0.13929259460419458	-0.13929259460419458	0.5	-0.5
398	423	0.004152823920265781	0.0	0.004152823920265781	0	1.724594651273165e-05	0.13929259460419458	-0.13929259460419458	0.5	-0.5
399	424	0.0033222591362126247	0.0	0.0033222591362126247	0	1.1037405768148255e-05	0.13929259460419458	-0.13929259460419458	0.5	-0.5
400	425	0.0033222591362126247	0.0	0.0033222591362126247	0	1.1037405768148255e-05	0.13929259460419458	-0.13929259460419458	0.5	-0.5
401	426	0.004152823920265781	0.0	0.004152823920265781	0	1.724594651273165e-05	0.13929259460419458	-0.13929259460419458	0.5	-0.5
402	427	0.004152823920265781	0.0	0.004152823920265781	0	1.724594651273165e-05	0.13929259460419458	-0.13929259460419458	0.5	-0.5
403	428	0.0049833887043189366	0.0	0.0049833887043189366	0	2.483416297833357e-05	0.13929259460419458	-0.13929259460419458	0.5	-0.5
404	429	0.0049833887043189366	0.0	0.0049833887043189366	0	2.483416297833357e-05	0.13929259460419458	-0.13929259460419458	0.5	-0.5
405	430	0.005813953488372093	0.0	0.005813953488372093	0	3.3802055164954025e-05	0.13929259460419458	-0.13929259460419458	0.5	-0.5
406	431	0.005813953488372093	0.0	0.005813953488372093	0	3.3802055164954025e-05	0.13929259460419458	-0.13929259460419458	0.5	-0.5
407	432	0.014119601328903655	0.024691358024691357	-0.010571756695787702	0	0.0001117620396349321	0.13929259460419458	-0.13929259460419458	0.5	-0.5
408	433	0.022425249169435217	0.024691358024691357	-0.0022661088552561395	0	5.135249343870291e-06	0.13929259460419458	-0.13929259460419458	0.5	-0.5
409	434	0.022425249169435217	0.024691358024691357	-0.0022661088552561395	0	5.135249343870291e-06	0.13929259460419458	-0.13929259460419458	0.5	-0.5
410	435	0.022425249169435217	0.024691358024691357	-0.0022661088552561395	0	5.135249343870291e-06	0.13929259460419458	-0.13929259460419458	0.5	-0.5
411	436	0.022425249169435217	0.024691358024691357	-0.0022661088552561395	0	5.135249343870291e-06	0.13929259460419458	-0.13929259460419458	0.5	-0.5
412	437	0.022425249169435217	0.024691358024691357	-0.0022661088552561395	0	5.135249343870291e-06	0.13929259460419458	-0.13929259460419458	0.5	-0.5
413	438	0.022425249169435217	0.024691358024691357	-0.0022661088552561395	0	5.135249343870291e-06	0.13929259460419458	-0.13929259460419458	0.5	-0.5
414	439	0.023255813953488372	0.024691358024691357	-0.0014355440712029849	0	2.0607867803660404e-06	0.13929259460419458	-0.13929259460419458	0.5	-0.5
415	440	0.023255813953488372	0.024691358024691357	-0.0014355440712029849	0	2.0607867803660404e-06	0.13929259460419458	-0.13929259460419458	0.5	-0.5
416	441	0.023255813953488372	0.024691358024691357	-0.0014355440712029849	0	2.0607867803660404e-06	0.13929259460419458	-0.13929259460419458	0.5	-0.5
417	442	0.023255813953488372	0.024691358024691357	-0.0014355440712029849	0	2.0607867803660404e-06	0.13929259460419458	-0.13929259460419458	0.5	-0.5
