	window	SMA_cbio_all	SMA_clinvar_all	cbio-clinvar	0line	difference_square	2.5SD	-2.5SD	max	min
0	25	0.0	0.0	0.0	0	0.0	0.06668022892243874	-0.06668022892243874	0.5	-0.5
1	26	0.0	0.0	0.0	0	0.0	0.06668022892243874	-0.06668022892243874	0.5	-0.5
2	27	0.0	0.0	0.0	0	0.0	0.06668022892243874	-0.06668022892243874	0.5	-0.5
3	28	0.0	0.0	0.0	0	0.0	0.06668022892243874	-0.06668022892243874	0.5	-0.5
4	29	0.0	0.0	0.0	0	0.0	0.06668022892243874	-0.06668022892243874	0.5	-0.5
5	30	0.0	0.0	0.0	0	0.0	0.06668022892243874	-0.06668022892243874	0.5	-0.5
6	31	0.0	0.0	0.0	0	0.0	0.06668022892243874	-0.06668022892243874	0.5	-0.5
7	32	0.0	0.0	0.0	0	0.0	0.06668022892243874	-0.06668022892243874	0.5	-0.5
8	33	0.0	0.0	0.0	0	0.0	0.06668022892243874	-0.06668022892243874	0.5	-0.5
9	34	0.0	0.0	0.0	0	0.0	0.06668022892243874	-0.06668022892243874	0.5	-0.5
10	35	0.0	0.0	0.0	0	0.0	0.06668022892243874	-0.06668022892243874	0.5	-0.5
11	36	0.0	0.0	0.0	0	0.0	0.06668022892243874	-0.06668022892243874	0.5	-0.5
12	37	0.0	0.0	0.0	0	0.0	0.06668022892243874	-0.06668022892243874	0.5	-0.5
13	38	0.0	0.0	0.0	0	0.0	0.06668022892243874	-0.06668022892243874	0.5	-0.5
14	39	0.0	0.0	0.0	0	0.0	0.06668022892243874	-0.06668022892243874	0.5	-0.5
15	40	0.0	0.0	0.0	0	0.0	0.06668022892243874	-0.06668022892243874	0.5	-0.5
16	41	0.0	0.0	0.0	0	0.0	0.06668022892243874	-0.06668022892243874	0.5	-0.5
17	42	0.0	0.0	0.0	0	0.0	0.06668022892243874	-0.06668022892243874	0.5	-0.5
18	43	0.0	0.0	0.0	0	0.0	0.06668022892243874	-0.06668022892243874	0.5	-0.5
19	44	0.0	0.0	0.0	0	0.0	0.06668022892243874	-0.06668022892243874	0.5	-0.5
20	45	0.0	0.0	0.0	0	0.0	0.06668022892243874	-0.06668022892243874	0.5	-0.5
21	46	0.0	0.0	0.0	0	0.0	0.06668022892243874	-0.06668022892243874	0.5	-0.5
22	47	0.0	0.0	0.0	0	0.0	0.06668022892243874	-0.06668022892243874	0.5	-0.5
23	48	0.0	0.0	0.0	0	0.0	0.06668022892243874	-0.06668022892243874	0.5	-0.5
24	49	0.0	0.0	0.0	0	0.0	0.06668022892243874	-0.06668022892243874	0.5	-0.5
25	50	0.0	0.0	0.0	0	0.0	0.06668022892243874	-0.06668022892243874	0.5	-0.5
26	51	0.0015772870662460567	0.0	0.0015772870662460567	0	2.4878344893470927e-06	0.06668022892243874	-0.06668022892243874	0.5	-0.5
27	52	0.0015772870662460567	0.0	0.0015772870662460567	0	2.4878344893470927e-06	0.06668022892243874	-0.06668022892243874	0.5	-0.5
28	53	0.0015772870662460567	0.0	0.0015772870662460567	0	2.4878344893470927e-06	0.06668022892243874	-0.06668022892243874	0.5	-0.5
29	54	0.0015772870662460567	0.0	0.0015772870662460567	0	2.4878344893470927e-06	0.06668022892243874	-0.06668022892243874	0.5	-0.5
30	55	0.0015772870662460567	0.0	0.0015772870662460567	0	2.4878344893470927e-06	0.06668022892243874	-0.06668022892243874	0.5	-0.5
31	56	0.0015772870662460567	0.0	0.0015772870662460567	0	2.4878344893470927e-06	0.06668022892243874	-0.06668022892243874	0.5	-0.5
32	57	0.0015772870662460567	0.0	0.0015772870662460567	0	2.4878344893470927e-06	0.06668022892243874	-0.06668022892243874	0.5	-0.5
33	58	0.0015772870662460567	0.0	0.0015772870662460567	0	2.4878344893470927e-06	0.06668022892243874	-0.06668022892243874	0.5	-0.5
34	59	0.0015772870662460567	0.0	0.0015772870662460567	0	2.4878344893470927e-06	0.06668022892243874	-0.06668022892243874	0.5	-0.5
35	60	0.0015772870662460567	0.0	0.0015772870662460567	0	2.4878344893470927e-06	0.06668022892243874	-0.06668022892243874	0.5	-0.5
36	61	0.0015772870662460567	0.0	0.0015772870662460567	0	2.4878344893470927e-06	0.06668022892243874	-0.06668022892243874	0.5	-0.5
37	62	0.0015772870662460567	0.0	0.0015772870662460567	0	2.4878344893470927e-06	0.06668022892243874	-0.06668022892243874	0.5	-0.5
38	63	0.0015772870662460567	0.0	0.0015772870662460567	0	2.4878344893470927e-06	0.06668022892243874	-0.06668022892243874	0.5	-0.5
39	64	0.0015772870662460567	0.0	0.0015772870662460567	0	2.4878344893470927e-06	0.06668022892243874	-0.06668022892243874	0.5	-0.5
40	65	0.0015772870662460567	0.0	0.0015772870662460567	0	2.4878344893470927e-06	0.06668022892243874	-0.06668022892243874	0.5	-0.5
41	66	0.0015772870662460567	0.0	0.0015772870662460567	0	2.4878344893470927e-06	0.06668022892243874	-0.06668022892243874	0.5	-0.5
42	67	0.0015772870662460567	0.0	0.0015772870662460567	0	2.4878344893470927e-06	0.06668022892243874	-0.06668022892243874	0.5	-0.5
43	68	0.0015772870662460567	0.0	0.0015772870662460567	0	2.4878344893470927e-06	0.06668022892243874	-0.06668022892243874	0.5	-0.5
44	69	0.0015772870662460567	0.0	0.0015772870662460567	0	2.4878344893470927e-06	0.06668022892243874	-0.06668022892243874	0.5	-0.5
45	70	0.0015772870662460567	0.0	0.0015772870662460567	0	2.4878344893470927e-06	0.06668022892243874	-0.06668022892243874	0.5	-0.5
46	71	0.0015772870662460567	0.0	0.0015772870662460567	0	2.4878344893470927e-06	0.06668022892243874	-0.06668022892243874	0.5	-0.5
47	72	0.0015772870662460567	0.0	0.0015772870662460567	0	2.4878344893470927e-06	0.06668022892243874	-0.06668022892243874	0.5	-0.5
48	73	0.0015772870662460567	0.0	0.0015772870662460567	0	2.4878344893470927e-06	0.06668022892243874	-0.06668022892243874	0.5	-0.5
49	74	0.0015772870662460567	0.0	0.0015772870662460567	0	2.4878344893470927e-06	0.06668022892243874	-0.06668022892243874	0.5	-0.5
50	75	0.0015772870662460567	0.0	0.0015772870662460567	0	2.4878344893470927e-06	0.06668022892243874	-0.06668022892243874	0.5	-0.5
51	76	0.0015772870662460567	0.0	0.0015772870662460567	0	2.4878344893470927e-06	0.06668022892243874	-0.06668022892243874	0.5	-0.5
52	77	0.0015772870662460567	0.0	0.0015772870662460567	0	2.4878344893470927e-06	0.06668022892243874	-0.06668022892243874	0.5	-0.5
53	78	0.0015772870662460567	0.0	0.0015772870662460567	0	2.4878344893470927e-06	0.06668022892243874	-0.06668022892243874	0.5	-0.5
54	79	0.0015772870662460567	0.0	0.0015772870662460567	0	2.4878344893470927e-06	0.06668022892243874	-0.06668022892243874	0.5	-0.5
55	80	0.0015772870662460567	0.0	0.0015772870662460567	0	2.4878344893470927e-06	0.06668022892243874	-0.06668022892243874	0.5	-0.5
56	81	0.0015772870662460567	0.0	0.0015772870662460567	0	2.4878344893470927e-06	0.06668022892243874	-0.06668022892243874	0.5	-0.5
57	82	0.0015772870662460567	0.0	0.0015772870662460567	0	2.4878344893470927e-06	0.06668022892243874	-0.06668022892243874	0.5	-0.5
58	83	0.0015772870662460567	0.0	0.0015772870662460567	0	2.4878344893470927e-06	0.06668022892243874	-0.06668022892243874	0.5	-0.5
59	84	0.0015772870662460567	0.0	0.0015772870662460567	0	2.4878344893470927e-06	0.06668022892243874	-0.06668022892243874	0.5	-0.5
60	85	0.0015772870662460567	0.0	0.0015772870662460567	0	2.4878344893470927e-06	0.06668022892243874	-0.06668022892243874	0.5	-0.5
61	86	0.0015772870662460567	0.0	0.0015772870662460567	0	2.4878344893470927e-06	0.06668022892243874	-0.06668022892243874	0.5	-0.5
62	87	0.0015772870662460567	0.0	0.0015772870662460567	0	2.4878344893470927e-06	0.06668022892243874	-0.06668022892243874	0.5	-0.5
63	88	0.0015772870662460567	0.0	0.0015772870662460567	0	2.4878344893470927e-06	0.06668022892243874	-0.06668022892243874	0.5	-0.5
64	89	0.0015772870662460567	0.0	0.0015772870662460567	0	2.4878344893470927e-06	0.06668022892243874	-0.06668022892243874	0.5	-0.5
65	90	0.0015772870662460567	0.0	0.0015772870662460567	0	2.4878344893470927e-06	0.06668022892243874	-0.06668022892243874	0.5	-0.5
66	91	0.0015772870662460567	0.0	0.0015772870662460567	0	2.4878344893470927e-06	0.06668022892243874	-0.06668022892243874	0.5	-0.5
67	92	0.0015772870662460567	0.0	0.0015772870662460567	0	2.4878344893470927e-06	0.06668022892243874	-0.06668022892243874	0.5	-0.5
68	93	0.0015772870662460567	0.0	0.0015772870662460567	0	2.4878344893470927e-06	0.06668022892243874	-0.06668022892243874	0.5	-0.5
69	94	0.0015772870662460567	0.0	0.0015772870662460567	0	2.4878344893470927e-06	0.06668022892243874	-0.06668022892243874	0.5	-0.5
70	95	0.0015772870662460567	0.0	0.0015772870662460567	0	2.4878344893470927e-06	0.06668022892243874	-0.06668022892243874	0.5	-0.5
71	96	0.0015772870662460567	0.0	0.0015772870662460567	0	2.4878344893470927e-06	0.06668022892243874	-0.06668022892243874	0.5	-0.5
72	97	0.0015772870662460567	0.0	0.0015772870662460567	0	2.4878344893470927e-06	0.06668022892243874	-0.06668022892243874	0.5	-0.5
73	98	0.0015772870662460567	0.0013192612137203166	0.00025802585252574016	0	6.657734057163501e-08	0.06668022892243874	-0.06668022892243874	0.5	-0.5
74	99	0.0015772870662460567	0.0013192612137203166	0.00025802585252574016	0	6.657734057163501e-08	0.06668022892243874	-0.06668022892243874	0.5	-0.5
75	100	0.0015772870662460567	0.0013192612137203166	0.00025802585252574016	0	6.657734057163501e-08	0.06668022892243874	-0.06668022892243874	0.5	-0.5
76	101	0.0	0.0013192612137203166	-0.0013192612137203166	0	1.7404501500268028e-06	0.06668022892243874	-0.06668022892243874	0.5	-0.5
77	102	0.0	0.0013192612137203166	-0.0013192612137203166	0	1.7404501500268028e-06	0.06668022892243874	-0.06668022892243874	0.5	-0.5
78	103	0.0	0.0013192612137203166	-0.0013192612137203166	0	1.7404501500268028e-06	0.06668022892243874	-0.06668022892243874	0.5	-0.5
79	104	0.0	0.0013192612137203166	-0.0013192612137203166	0	1.7404501500268028e-06	0.06668022892243874	-0.06668022892243874	0.5	-0.5
80	105	0.0	0.0013192612137203166	-0.0013192612137203166	0	1.7404501500268028e-06	0.06668022892243874	-0.06668022892243874	0.5	-0.5
81	106	0.0	0.0013192612137203166	-0.0013192612137203166	0	1.7404501500268028e-06	0.06668022892243874	-0.06668022892243874	0.5	-0.5
82	107	0.0	0.0013192612137203166	-0.0013192612137203166	0	1.7404501500268028e-06	0.06668022892243874	-0.06668022892243874	0.5	-0.5
83	108	0.0	0.0013192612137203166	-0.0013192612137203166	0	1.7404501500268028e-06	0.06668022892243874	-0.06668022892243874	0.5	-0.5
84	109	0.0	0.002638522427440633	-0.002638522427440633	0	6.961800600107211e-06	0.06668022892243874	-0.06668022892243874	0.5	-0.5
85	110	0.0	0.002638522427440633	-0.002638522427440633	0	6.961800600107211e-06	0.06668022892243874	-0.06668022892243874	0.5	-0.5
86	111	0.0	0.002638522427440633	-0.002638522427440633	0	6.961800600107211e-06	0.06668022892243874	-0.06668022892243874	0.5	-0.5
87	112	0.0	0.002638522427440633	-0.002638522427440633	0	6.961800600107211e-06	0.06668022892243874	-0.06668022892243874	0.5	-0.5
88	113	0.0	0.002638522427440633	-0.002638522427440633	0	6.961800600107211e-06	0.06668022892243874	-0.06668022892243874	0.5	-0.5
89	114	0.0	0.002638522427440633	-0.002638522427440633	0	6.961800600107211e-06	0.06668022892243874	-0.06668022892243874	0.5	-0.5
90	115	0.0	0.002638522427440633	-0.002638522427440633	0	6.961800600107211e-06	0.06668022892243874	-0.06668022892243874	0.5	-0.5
91	116	0.0	0.002638522427440633	-0.002638522427440633	0	6.961800600107211e-06	0.06668022892243874	-0.06668022892243874	0.5	-0.5
92	117	0.0	0.002638522427440633	-0.002638522427440633	0	6.961800600107211e-06	0.06668022892243874	-0.06668022892243874	0.5	-0.5
93	118	0.0	0.002638522427440633	-0.002638522427440633	0	6.961800600107211e-06	0.06668022892243874	-0.06668022892243874	0.5	-0.5
94	119	0.0	0.002638522427440633	-0.002638522427440633	0	6.961800600107211e-06	0.06668022892243874	-0.06668022892243874	0.5	-0.5
95	120	0.0	0.002638522427440633	-0.002638522427440633	0	6.961800600107211e-06	0.06668022892243874	-0.06668022892243874	0.5	-0.5
96	121	0.0	0.002638522427440633	-0.002638522427440633	0	6.961800600107211e-06	0.06668022892243874	-0.06668022892243874	0.5	-0.5
97	122	0.0	0.002638522427440633	-0.002638522427440633	0	6.961800600107211e-06	0.06668022892243874	-0.06668022892243874	0.5	-0.5
98	123	0.0	0.002638522427440633	-0.002638522427440633	0	6.961800600107211e-06	0.06668022892243874	-0.06668022892243874	0.5	-0.5
99	124	0.0	0.002638522427440633	-0.002638522427440633	0	6.961800600107211e-06	0.06668022892243874	-0.06668022892243874	0.5	-0.5
100	125	0.0	0.002638522427440633	-0.002638522427440633	0	6.961800600107211e-06	0.06668022892243874	-0.06668022892243874	0.5	-0.5
101	126	0.0	0.002638522427440633	-0.002638522427440633	0	6.961800600107211e-06	0.06668022892243874	-0.06668022892243874	0.5	-0.5
102	127	0.0	0.002638522427440633	-0.002638522427440633	0	6.961800600107211e-06	0.06668022892243874	-0.06668022892243874	0.5	-0.5
103	128	0.0	0.002638522427440633	-0.002638522427440633	0	6.961800600107211e-06	0.06668022892243874	-0.06668022892243874	0.5	-0.5
104	129	0.0015772870662460567	0.002638522427440633	-0.0010612353611945764	0	1.126220491849783e-06	0.06668022892243874	-0.06668022892243874	0.5	-0.5
105	130	0.0015772870662460567	0.002638522427440633	-0.0010612353611945764	0	1.126220491849783e-06	0.06668022892243874	-0.06668022892243874	0.5	-0.5
106	131	0.0015772870662460567	0.002638522427440633	-0.0010612353611945764	0	1.126220491849783e-06	0.06668022892243874	-0.06668022892243874	0.5	-0.5
107	132	0.0015772870662460567	0.002638522427440633	-0.0010612353611945764	0	1.126220491849783e-06	0.06668022892243874	-0.06668022892243874	0.5	-0.5
108	133	0.0015772870662460567	0.002638522427440633	-0.0010612353611945764	0	1.126220491849783e-06	0.06668022892243874	-0.06668022892243874	0.5	-0.5
109	134	0.0015772870662460567	0.002638522427440633	-0.0010612353611945764	0	1.126220491849783e-06	0.06668022892243874	-0.06668022892243874	0.5	-0.5
110	135	0.0015772870662460567	0.002638522427440633	-0.0010612353611945764	0	1.126220491849783e-06	0.06668022892243874	-0.06668022892243874	0.5	-0.5
111	136	0.0031545741324921135	0.00395778364116095	-0.0008032095086688367	0	6.451455148160341e-07	0.06668022892243874	-0.06668022892243874	0.5	-0.5
112	137	0.0031545741324921135	0.005277044854881266	-0.002122470722389153	0	4.504881967399132e-06	0.06668022892243874	-0.06668022892243874	0.5	-0.5
113	138	0.012618296529968454	0.009234828496042216	0.0033834680339262374	0	1.1447855936600679e-05	0.06668022892243874	-0.06668022892243874	0.5	-0.5
114	139	0.01892744479495268	0.013192612137203167	0.005734832657749515	0	3.288830561239037e-05	0.06668022892243874	-0.06668022892243874	0.5	-0.5
115	140	0.01892744479495268	0.013192612137203167	0.005734832657749515	0	3.288830561239037e-05	0.06668022892243874	-0.06668022892243874	0.5	-0.5
116	141	0.02050473186119874	0.013192612137203167	0.007312119723995572	0	5.3467094858045086e-05	0.06668022892243874	-0.06668022892243874	0.5	-0.5
117	142	0.02050473186119874	0.013192612137203167	0.007312119723995572	0	5.3467094858045086e-05	0.06668022892243874	-0.06668022892243874	0.5	-0.5
118	143	0.02365930599369085	0.013192612137203167	0.010466693856487684	0	0.00010955168028543703	0.06668022892243874	-0.06668022892243874	0.5	-0.5
119	144	0.02365930599369085	0.013192612137203167	0.010466693856487684	0	0.00010955168028543703	0.06668022892243874	-0.06668022892243874	0.5	-0.5
120	145	0.025236593059936908	0.013192612137203167	0.012043980922733741	0	0.00014505747646717429	0.06668022892243874	-0.06668022892243874	0.5	-0.5
121	146	0.02996845425867508	0.013192612137203167	0.016775842121471915	0	0.0002814288788845513	0.06668022892243874	-0.06668022892243874	0.5	-0.5
122	147	0.02996845425867508	0.013192612137203167	0.016775842121471915	0	0.0002814288788845513	0.06668022892243874	-0.06668022892243874	0.5	-0.5
123	148	0.02996845425867508	0.011873350923482849	0.01809510333519223	0	0.00032743276471128497	0.06668022892243874	-0.06668022892243874	0.5	-0.5
124	149	0.02996845425867508	0.011873350923482849	0.01809510333519223	0	0.00032743276471128497	0.06668022892243874	-0.06668022892243874	0.5	-0.5
125	150	0.02996845425867508	0.011873350923482849	0.01809510333519223	0	0.00032743276471128497	0.06668022892243874	-0.06668022892243874	0.5	-0.5
126	151	0.02996845425867508	0.011873350923482849	0.01809510333519223	0	0.00032743276471128497	0.06668022892243874	-0.06668022892243874	0.5	-0.5
127	152	0.02996845425867508	0.011873350923482849	0.01809510333519223	0	0.00032743276471128497	0.06668022892243874	-0.06668022892243874	0.5	-0.5
128	153	0.02996845425867508	0.011873350923482849	0.01809510333519223	0	0.00032743276471128497	0.06668022892243874	-0.06668022892243874	0.5	-0.5
129	154	0.02996845425867508	0.014511873350923483	0.015456580907751597	0	0.0002389058933578712	0.06668022892243874	-0.06668022892243874	0.5	-0.5
130	155	0.02996845425867508	0.018469656992084433	0.011498797266590647	0	0.00013222233857815253	0.06668022892243874	-0.06668022892243874	0.5	-0.5
131	156	0.02996845425867508	0.018469656992084433	0.011498797266590647	0	0.00013222233857815253	0.06668022892243874	-0.06668022892243874	0.5	-0.5
132	157	0.02996845425867508	0.01978891820580475	0.010179536052870329	0	0.00010362295425168684	0.06668022892243874	-0.06668022892243874	0.5	-0.5
133	158	0.031545741324921134	0.01978891820580475	0.011756823119116383	0	0.00013822288985418949	0.06668022892243874	-0.06668022892243874	0.5	-0.5
134	159	0.031545741324921134	0.01978891820580475	0.011756823119116383	0	0.00013822288985418949	0.06668022892243874	-0.06668022892243874	0.5	-0.5
135	160	0.031545741324921134	0.01978891820580475	0.011756823119116383	0	0.00013822288985418949	0.06668022892243874	-0.06668022892243874	0.5	-0.5
136	161	0.033123028391167195	0.01978891820580475	0.013334110185362444	0	0.00017779849443538647	0.06668022892243874	-0.06668022892243874	0.5	-0.5
137	162	0.033123028391167195	0.01978891820580475	0.013334110185362444	0	0.00017779849443538647	0.06668022892243874	-0.06668022892243874	0.5	-0.5
138	163	0.033123028391167195	0.021108179419525065	0.01201484897164213	0	0.00014435659581136994	0.06668022892243874	-0.06668022892243874	0.5	-0.5
139	164	0.03627760252365931	0.025065963060686015	0.011211639462973294	0	0.0001257008594477001	0.06668022892243874	-0.06668022892243874	0.5	-0.5
140	165	0.03627760252365931	0.026385224274406333	0.009892378249252976	0	9.785914742629338e-05	0.06668022892243874	-0.06668022892243874	0.5	-0.5
141	166	0.03627760252365931	0.036939313984168866	-0.0006617114605095564	0	4.378620569696903e-07	0.06668022892243874	-0.06668022892243874	0.5	-0.5
142	167	0.03627760252365931	0.0395778364116095	-0.003300233887950192	0	1.0891543715174842e-05	0.06668022892243874	-0.06668022892243874	0.5	-0.5
143	168	0.04258675078864353	0.04353562005277045	-0.0009488692641269197	0	9.003528804047622e-07	0.06668022892243874	-0.06668022892243874	0.5	-0.5
144	169	0.06309148264984227	0.06200527704485488	0.0010862056049873864	0	1.179842616306014e-06	0.06668022892243874	-0.06668022892243874	0.5	-0.5
145	170	0.06309148264984227	0.06200527704485488	0.0010862056049873864	0	1.179842616306014e-06	0.06668022892243874	-0.06668022892243874	0.5	-0.5
146	171	0.06309148264984227	0.06200527704485488	0.0010862056049873864	0	1.179842616306014e-06	0.06668022892243874	-0.06668022892243874	0.5	-0.5
147	172	0.06309148264984227	0.06200527704485488	0.0010862056049873864	0	1.179842616306014e-06	0.06668022892243874	-0.06668022892243874	0.5	-0.5
148	173	0.06309148264984227	0.06200527704485488	0.0010862056049873864	0	1.179842616306014e-06	0.06668022892243874	-0.06668022892243874	0.5	-0.5
149	174	0.06309148264984227	0.06200527704485488	0.0010862056049873864	0	1.179842616306014e-06	0.06668022892243874	-0.06668022892243874	0.5	-0.5
150	175	0.06624605678233439	0.06200527704485488	0.004240779737479508	0	1.7984212781816766e-05	0.06668022892243874	-0.06668022892243874	0.5	-0.5
151	176	0.06624605678233439	0.06200527704485488	0.004240779737479508	0	1.7984212781816766e-05	0.06668022892243874	-0.06668022892243874	0.5	-0.5
152	177	0.06782334384858044	0.0633245382585752	0.004498805590005234	0	2.023925173666234e-05	0.06668022892243874	-0.06668022892243874	0.5	-0.5
153	178	0.07255520504731862	0.06596306068601583	0.0065921443613027875	0	4.3456367280256134e-05	0.06668022892243874	-0.06668022892243874	0.5	-0.5
154	179	0.07255520504731862	0.06860158311345646	0.003953621933862159	0	1.5631126395915954e-05	0.06668022892243874	-0.06668022892243874	0.5	-0.5
155	180	0.07255520504731862	0.06860158311345646	0.003953621933862159	0	1.5631126395915954e-05	0.06668022892243874	-0.06668022892243874	0.5	-0.5
156	181	0.07413249211356467	0.06860158311345646	0.005530909000108206	0	3.059095436747795e-05	0.06668022892243874	-0.06668022892243874	0.5	-0.5
157	182	0.07728706624605679	0.06992084432717678	0.007366221918880006	0	5.426122535818824e-05	0.06668022892243874	-0.06668022892243874	0.5	-0.5
158	183	0.083596214511041	0.08443271767810026	-0.0008365031670592576	0	6.997375485001683e-07	0.06668022892243874	-0.06668022892243874	0.5	-0.5
159	184	0.083596214511041	0.08443271767810026	-0.0008365031670592576	0	6.997375485001683e-07	0.06668022892243874	-0.06668022892243874	0.5	-0.5
160	185	0.083596214511041	0.08443271767810026	-0.0008365031670592576	0	6.997375485001683e-07	0.06668022892243874	-0.06668022892243874	0.5	-0.5
161	186	0.08201892744479496	0.08311345646437995	-0.0010945290195849972	0	1.197993774713695e-06	0.06668022892243874	-0.06668022892243874	0.5	-0.5
162	187	0.08201892744479496	0.08311345646437995	-0.0010945290195849972	0	1.197993774713695e-06	0.06668022892243874	-0.06668022892243874	0.5	-0.5
163	188	0.07728706624605679	0.079155672823219	-0.0018686065771622157	0	3.4916905402138914e-06	0.06668022892243874	-0.06668022892243874	0.5	-0.5
164	189	0.07097791798107256	0.079155672823219	-0.008177754842146445	0	6.687567425824963e-05	0.06668022892243874	-0.06668022892243874	0.5	-0.5
165	190	0.07097791798107256	0.079155672823219	-0.008177754842146445	0	6.687567425824963e-05	0.06668022892243874	-0.06668022892243874	0.5	-0.5
166	191	0.07097791798107256	0.079155672823219	-0.008177754842146445	0	6.687567425824963e-05	0.06668022892243874	-0.06668022892243874	0.5	-0.5
167	192	0.0804416403785489	0.08311345646437995	-0.002671816085831058	0	7.138601196505596e-06	0.06668022892243874	-0.06668022892243874	0.5	-0.5
168	193	0.07886435331230283	0.08311345646437995	-0.004249103152077119	0	1.8054877596991707e-05	0.06668022892243874	-0.06668022892243874	0.5	-0.5
169	194	0.07886435331230283	0.08443271767810026	-0.005568364365797426	0	3.100668171028257e-05	0.06668022892243874	-0.06668022892243874	0.5	-0.5
170	195	0.07728706624605679	0.08575197889182058	-0.008464912645763795	0	7.16547461004118e-05	0.06668022892243874	-0.06668022892243874	0.5	-0.5
171	196	0.07728706624605679	0.08575197889182058	-0.008464912645763795	0	7.16547461004118e-05	0.06668022892243874	-0.06668022892243874	0.5	-0.5
172	197	0.07728706624605679	0.08575197889182058	-0.008464912645763795	0	7.16547461004118e-05	0.06668022892243874	-0.06668022892243874	0.5	-0.5
173	198	0.07728706624605679	0.08575197889182058	-0.008464912645763795	0	7.16547461004118e-05	0.06668022892243874	-0.06668022892243874	0.5	-0.5
174	199	0.07886435331230283	0.08970976253298153	-0.010845409220678698	0	0.00011762290116398251	0.06668022892243874	-0.06668022892243874	0.5	-0.5
175	200	0.07886435331230283	0.08970976253298153	-0.010845409220678698	0	0.00011762290116398251	0.06668022892243874	-0.06668022892243874	0.5	-0.5
176	201	0.07886435331230283	0.09498680738786279	-0.016122454075559955	0	0.0002599335254185398	0.06668022892243874	-0.06668022892243874	0.5	-0.5
177	202	0.08675078864353312	0.10817941952506596	-0.021428630881532837	0	0.0004591862214569828	0.06668022892243874	-0.06668022892243874	0.5	-0.5
178	203	0.08675078864353312	0.10817941952506596	-0.021428630881532837	0	0.0004591862214569828	0.06668022892243874	-0.06668022892243874	0.5	-0.5
179	204	0.08832807570977919	0.10554089709762533	-0.017212821387846147	0	0.00029628122012989377	0.06668022892243874	-0.06668022892243874	0.5	-0.5
180	205	0.08832807570977919	0.10158311345646438	-0.013255037746685197	0	0.0001756960256660494	0.06668022892243874	-0.06668022892243874	0.5	-0.5
181	206	0.0914826498422713	0.10290237467018469	-0.011419724827913397	0	0.00013041011514526165	0.06668022892243874	-0.06668022892243874	0.5	-0.5
182	207	0.10094637223974763	0.11213720316622691	-0.011190830926479281	0	0.00012523469682504512	0.06668022892243874	-0.06668022892243874	0.5	-0.5
183	208	0.11198738170347003	0.13060686015831136	-0.018619478454841326	0	0.0003466849779303003	0.06668022892243874	-0.06668022892243874	0.5	-0.5
184	209	0.1167192429022082	0.12928759894459102	-0.012568356042382822	0	0.0001579635736081008	0.06668022892243874	-0.06668022892243874	0.5	-0.5
185	210	0.1167192429022082	0.12928759894459102	-0.012568356042382822	0	0.0001579635736081008	0.06668022892243874	-0.06668022892243874	0.5	-0.5
186	211	0.11829652996845426	0.13060686015831136	-0.012310330189857097	0	0.00015154422938330707	0.06668022892243874	-0.06668022892243874	0.5	-0.5
187	212	0.11829652996845426	0.13060686015831136	-0.012310330189857097	0	0.00015154422938330707	0.06668022892243874	-0.06668022892243874	0.5	-0.5
188	213	0.12145110410094637	0.1345646437994723	-0.013113539698525939	0	0.00017196492342481576	0.06668022892243874	-0.06668022892243874	0.5	-0.5
189	214	0.13564668769716087	0.13720316622691292	-0.0015564785297520478	0	2.4226254135790966e-06	0.06668022892243874	-0.06668022892243874	0.5	-0.5
190	215	0.14826498422712933	0.13720316622691292	0.011061818000216411	0	0.0001223638174699118	0.06668022892243874	-0.06668022892243874	0.5	-0.5
191	216	0.14826498422712933	0.1279683377308707	0.02029664649625862	0	0.0004119538589940873	0.06668022892243874	-0.06668022892243874	0.5	-0.5
192	217	0.1498422712933754	0.13720316622691292	0.012639105066462486	0	0.00015974697688107768	0.06668022892243874	-0.06668022892243874	0.5	-0.5
193	218	0.14353312302839116	0.13324538258575197	0.010287740442639193	0	0.00010583760341511406	0.06668022892243874	-0.06668022892243874	0.5	-0.5
194	219	0.12302839116719243	0.11873350923482849	0.0042948819323639364	0	1.844601081294618e-05	0.06668022892243874	-0.06668022892243874	0.5	-0.5
195	220	0.1277602523659306	0.1266490765171504	0.0011111758487802048	0	1.2347117669124086e-06	0.06668022892243874	-0.06668022892243874	0.5	-0.5
196	221	0.12933753943217666	0.1279683377308707	0.0013692017013059443	0	1.8747132988590923e-06	0.06668022892243874	-0.06668022892243874	0.5	-0.5
197	222	0.1309148264984227	0.1279683377308707	0.0029464887675519913	0	8.681796057310052e-06	0.06668022892243874	-0.06668022892243874	0.5	-0.5
198	223	0.1309148264984227	0.1279683377308707	0.0029464887675519913	0	8.681796057310052e-06	0.06668022892243874	-0.06668022892243874	0.5	-0.5
199	224	0.1309148264984227	0.1279683377308707	0.0029464887675519913	0	8.681796057310052e-06	0.06668022892243874	-0.06668022892243874	0.5	-0.5
200	225	0.1277602523659306	0.14775725593667546	-0.019997003570744853	0	0.0003998801518083824	0.06668022892243874	-0.06668022892243874	0.5	-0.5
201	226	0.1277602523659306	0.14907651715039577	-0.02131626478446516	0	0.00045438314436142954	0.06668022892243874	-0.06668022892243874	0.5	-0.5
202	227	0.12618296529968454	0.14775725593667546	-0.021574290636990928	0	0.00046545001648935443	0.06668022892243874	-0.06668022892243874	0.5	-0.5
203	228	0.12145110410094637	0.14511873350923482	-0.023667629408288454	0	0.0005601566818080805	0.06668022892243874	-0.06668022892243874	0.5	-0.5
204	229	0.12145110410094637	0.1424802110817942	-0.02102910698084784	0	0.0004422233404119433	0.06668022892243874	-0.06668022892243874	0.5	-0.5
205	230	0.12145110410094637	0.1424802110817942	-0.02102910698084784	0	0.0004422233404119433	0.06668022892243874	-0.06668022892243874	0.5	-0.5
206	231	0.1309148264984227	0.15567282321899736	-0.02475799672057466	0	0.0006129584016159856	0.06668022892243874	-0.06668022892243874	0.5	-0.5
207	232	0.13406940063091483	0.17018469656992086	-0.03611529593900603	0	0.0013043146007619855	0.06668022892243874	-0.06668022892243874	0.5	-0.5
208	233	0.13249211356466878	0.15963060686015831	-0.027138493295489535	0	0.0007364978183493305	0.06668022892243874	-0.06668022892243874	0.5	-0.5
209	234	0.13249211356466878	0.15963060686015831	-0.027138493295489535	0	0.0007364978183493305	0.06668022892243874	-0.06668022892243874	0.5	-0.5
210	235	0.13406940063091483	0.15963060686015831	-0.02556120622924349	0	0.0006533752638939161	0.06668022892243874	-0.06668022892243874	0.5	-0.5
211	236	0.13406940063091483	0.16094986807387862	-0.026880467442963796	0	0.0007225595299522366	0.06668022892243874	-0.06668022892243874	0.5	-0.5
212	237	0.14195583596214512	0.17018469656992086	-0.02822886060777574	0	0.000796868571213233	0.06668022892243874	-0.06668022892243874	0.5	-0.5
213	238	0.1529968454258675	0.17810026385224276	-0.025103418426375257	0	0.0006301816166896768	0.06668022892243874	-0.06668022892243874	0.5	-0.5
214	239	0.15772870662460567	0.18469656992084432	-0.026967863296238653	0	0.000727265650764616	0.06668022892243874	-0.06668022892243874	0.5	-0.5
215	240	0.15772870662460567	0.18469656992084432	-0.026967863296238653	0	0.000727265650764616	0.06668022892243874	-0.06668022892243874	0.5	-0.5
216	241	0.17350157728706625	0.18997361477572558	-0.01647203748865933	0	0.00027132801902779837	0.06668022892243874	-0.06668022892243874	0.5	-0.5
217	242	0.1640378548895899	0.18601583113456466	-0.021977976244974745	0	0.0004830314398246742	0.06668022892243874	-0.06668022892243874	0.5	-0.5
218	243	0.16246056782334384	0.18601583113456466	-0.02355526331122082	0	0.0005548504296609457	0.06668022892243874	-0.06668022892243874	0.5	-0.5
219	244	0.16561514195583596	0.18733509234828497	-0.021719950392449006	0	0.0004717562450504457	0.06668022892243874	-0.06668022892243874	0.5	-0.5
220	245	0.16876971608832808	0.18601583113456466	-0.017246115046236576	0	0.00029742848418802764	0.06668022892243874	-0.06668022892243874	0.5	-0.5
221	246	0.1640378548895899	0.18601583113456466	-0.021977976244974745	0	0.0004830314398246742	0.06668022892243874	-0.06668022892243874	0.5	-0.5
222	247	0.1640378548895899	0.18601583113456466	-0.021977976244974745	0	0.0004830314398246742	0.06668022892243874	-0.06668022892243874	0.5	-0.5
223	248	0.16561514195583596	0.18733509234828497	-0.021719950392449006	0	0.0004717562450504457	0.06668022892243874	-0.06668022892243874	0.5	-0.5
224	249	0.1640378548895899	0.18337730870712401	-0.019339453817534102	0	0.0003740144739605344	0.06668022892243874	-0.06668022892243874	0.5	-0.5
225	250	0.167192429022082	0.18337730870712401	-0.01618487968504201	0	0.0002619503304192855	0.06668022892243874	-0.06668022892243874	0.5	-0.5
226	251	0.167192429022082	0.17810026385224276	-0.01090783483016075	0	0.00011898086068206802	0.06668022892243874	-0.06668022892243874	0.5	-0.5
227	252	0.15930599369085174	0.17546174142480211	-0.01615574773395037	0	0.00026100818484304253	0.06668022892243874	-0.06668022892243874	0.5	-0.5
228	253	0.15930599369085174	0.18469656992084432	-0.02539057622999258	0	0.0006446813612910642	0.06668022892243874	-0.06668022892243874	0.5	-0.5
229	254	0.15772870662460567	0.18469656992084432	-0.026967863296238653	0	0.000727265650764616	0.06668022892243874	-0.06668022892243874	0.5	-0.5
230	255	0.16246056782334384	0.18865435356200527	-0.026193785738661435	0	0.0006861144113229032	0.06668022892243874	-0.06668022892243874	0.5	-0.5
231	256	0.15930599369085174	0.18733509234828497	-0.02802909865743322	0	0.0007856303715481248	0.06668022892243874	-0.06668022892243874	0.5	-0.5
232	257	0.1498422712933754	0.17678100263852242	-0.026938731345147016	0	0.0007256952464860064	0.06668022892243874	-0.06668022892243874	0.5	-0.5
233	258	0.13722397476340695	0.158311345646438	-0.02108737088303106	0	0.0004446772107585061	0.06668022892243874	-0.06668022892243874	0.5	-0.5
234	259	0.13564668769716087	0.158311345646438	-0.022664657949277134	0	0.0005136867199577312	0.06668022892243874	-0.06668022892243874	0.5	-0.5
235	260	0.13564668769716087	0.158311345646438	-0.022664657949277134	0	0.0005136867199577312	0.06668022892243874	-0.06668022892243874	0.5	-0.5
236	261	0.13722397476340695	0.158311345646438	-0.02108737088303106	0	0.0004446772107585061	0.06668022892243874	-0.06668022892243874	0.5	-0.5
237	262	0.14037854889589904	0.158311345646438	-0.017932796750538965	0	0.0003215851992961409	0.06668022892243874	-0.06668022892243874	0.5	-0.5
238	263	0.138801261829653	0.15303430079155672	-0.014233038961903727	0	0.0002025793980910695	0.06668022892243874	-0.06668022892243874	0.5	-0.5
239	264	0.12145110410094637	0.14643799472295516	-0.02498689062200879	0	0.0006243447029562308	0.06668022892243874	-0.06668022892243874	0.5	-0.5
240	265	0.10883280757097792	0.14511873350923482	-0.0362859259382569	0	0.0013166684211966648	0.06668022892243874	-0.06668022892243874	0.5	-0.5
241	266	0.11198738170347003	0.14775725593667546	-0.035769874233205434	0	0.001279483902659334	0.06668022892243874	-0.06668022892243874	0.5	-0.5
242	267	0.11198738170347003	0.15435356200527706	-0.04236618030180703	0	0.0017948932333652218	0.06668022892243874	-0.06668022892243874	0.5	-0.5
243	268	0.11198738170347003	0.16358839050131926	-0.051601008797849235	0	0.002662664108955714	0.06668022892243874	-0.06668022892243874	0.5	-0.5
244	269	0.11829652996845426	0.16094986807387862	-0.04265333810542436	0	0.0018193072515356459	0.06668022892243874	-0.06668022892243874	0.5	-0.5
245	270	0.11356466876971609	0.15303430079155672	-0.03946963202184063	0	0.0015578518519395073	0.06668022892243874	-0.06668022892243874	0.5	-0.5
246	271	0.11356466876971609	0.1517150395778364	-0.038150370808120324	0	0.0014554507927970793	0.06668022892243874	-0.06668022892243874	0.5	-0.5
247	272	0.11198738170347003	0.1517150395778364	-0.039727657874366384	0	0.0015782868001827054	0.06668022892243874	-0.06668022892243874	0.5	-0.5
248	273	0.11514195583596215	0.15303430079155672	-0.03789234495559457	0	0.0014358298062337733	0.06668022892243874	-0.06668022892243874	0.5	-0.5
249	274	0.11514195583596215	0.15303430079155672	-0.03789234495559457	0	0.0014358298062337733	0.06668022892243874	-0.06668022892243874	0.5	-0.5
250	275	0.11514195583596215	0.13324538258575197	-0.01810342674978982	0	0.0003277340600850056	0.06668022892243874	-0.06668022892243874	0.5	-0.5
251	276	0.11514195583596215	0.13192612137203166	-0.016784165536069512	0	0.00028170821274218355	0.06668022892243874	-0.06668022892243874	0.5	-0.5
252	277	0.1167192429022082	0.13720316622691292	-0.020483923324704723	0	0.00041959111477238217	0.06668022892243874	-0.06668022892243874	0.5	-0.5
253	278	0.1167192429022082	0.13720316622691292	-0.020483923324704723	0	0.00041959111477238217	0.06668022892243874	-0.06668022892243874	0.5	-0.5
254	279	0.11514195583596215	0.13852242744063326	-0.023380471604671105	0	0.0005466464524568318	0.06668022892243874	-0.06668022892243874	0.5	-0.5
255	280	0.11514195583596215	0.13984168865435356	-0.024699732818391412	0	0.0006100768012999218	0.06668022892243874	-0.06668022892243874	0.5	-0.5
256	281	0.10410094637223975	0.1266490765171504	-0.022548130144910652	0	0.0005084181730318285	0.06668022892243874	-0.06668022892243874	0.5	-0.5
257	282	0.09779179810725552	0.11081794195250659	-0.013026143845251067	0	0.00016968042347717226	0.06668022892243874	-0.06668022892243874	0.5	-0.5
258	283	0.0946372239747634	0.10686015831134564	-0.012222934336582239	0	0.0001494001237964011	0.06668022892243874	-0.06668022892243874	0.5	-0.5
259	284	0.09621451104100946	0.10686015831134564	-0.010645647270336178	0	0.00011332980580441613	0.06668022892243874	-0.06668022892243874	0.5	-0.5
260	285	0.0946372239747634	0.10817941952506596	-0.01354219555030256	0	0.00018339106032263445	0.06668022892243874	-0.06668022892243874	0.5	-0.5
261	286	0.0946372239747634	0.10686015831134564	-0.012222934336582239	0	0.0001494001237964011	0.06668022892243874	-0.06668022892243874	0.5	-0.5
262	287	0.08675078864353312	0.09630606860158311	-0.009555279958049986	0	9.130337507671174e-05	0.06668022892243874	-0.06668022892243874	0.5	-0.5
263	288	0.07097791798107256	0.08970976253298153	-0.018731844551908974	0	0.00035088200031688194	0.06668022892243874	-0.06668022892243874	0.5	-0.5
264	289	0.06624605678233439	0.08047493403693931	-0.014228877254604921	0	0.00020246094792661327	0.06668022892243874	-0.06668022892243874	0.5	-0.5
265	290	0.06624605678233439	0.08047493403693931	-0.014228877254604921	0	0.00020246094792661327	0.06668022892243874	-0.06668022892243874	0.5	-0.5
266	291	0.04889589905362776	0.07519788918205805	-0.02630199012843029	0	0.0006917946847160445	0.06668022892243874	-0.06668022892243874	0.5	-0.5
267	292	0.050473186119873815	0.07519788918205805	-0.024724703062184238	0	0.0006113109415131826	0.06668022892243874	-0.06668022892243874	0.5	-0.5
268	293	0.050473186119873815	0.07519788918205805	-0.024724703062184238	0	0.0006113109415131826	0.06668022892243874	-0.06668022892243874	0.5	-0.5
269	294	0.0473186119873817	0.07651715039577836	-0.02919853840839666	0	0.0008525546451866149	0.06668022892243874	-0.06668022892243874	0.5	-0.5
270	295	0.04416403785488959	0.08839050131926121	-0.04422646346437162	0	0.0019559800705653977	0.06668022892243874	-0.06668022892243874	0.5	-0.5
271	296	0.04416403785488959	0.08839050131926121	-0.04422646346437162	0	0.0019559800705653977	0.06668022892243874	-0.06668022892243874	0.5	-0.5
272	297	0.04574132492113565	0.08839050131926121	-0.042649176398125564	0	0.0018189522474384306	0.06668022892243874	-0.06668022892243874	0.5	-0.5
273	298	0.04416403785488959	0.0870712401055409	-0.04290720225065131	0	0.0018410280049782968	0.06668022892243874	-0.06668022892243874	0.5	-0.5
274	299	0.04416403785488959	0.0870712401055409	-0.04290720225065131	0	0.0018410280049782968	0.06668022892243874	-0.06668022892243874	0.5	-0.5
275	300	0.04100946372239748	0.0870712401055409	-0.046061776383143425	0	0.0021216872435707093	0.06668022892243874	-0.06668022892243874	0.5	-0.5
276	301	0.04100946372239748	0.09102902374670185	-0.050019560024304376	0	0.0025019563850249885	0.06668022892243874	-0.06668022892243874	0.5	-0.5
277	302	0.04258675078864353	0.08047493403693931	-0.03788818324829578	0	0.001435514429856441	0.06668022892243874	-0.06668022892243874	0.5	-0.5
278	303	0.04574132492113565	0.0712401055408971	-0.025498780619761456	0	0.0006501878130947224	0.06668022892243874	-0.06668022892243874	0.5	-0.5
279	304	0.04574132492113565	0.07519788918205805	-0.029456564260922406	0	0.0008676891780578512	0.06668022892243874	-0.06668022892243874	0.5	-0.5
280	305	0.04416403785488959	0.07255936675461741	-0.028395328899727817	0	0.0008062947033237178	0.06668022892243874	-0.06668022892243874	0.5	-0.5
281	306	0.0473186119873817	0.07651715039577836	-0.02919853840839666	0	0.0008525546451866149	0.06668022892243874	-0.06668022892243874	0.5	-0.5
282	307	0.05362776025236593	0.08179419525065963	-0.028166434998293702	0	0.0007933480605131043	0.06668022892243874	-0.06668022892243874	0.5	-0.5
283	308	0.056782334384858045	0.08575197889182058	-0.028969644506962537	0	0.0008392403028597847	0.06668022892243874	-0.06668022892243874	0.5	-0.5
284	309	0.05362776025236593	0.09762532981530343	-0.0439975695629375	0	0.0019357861274455245	0.06668022892243874	-0.06668022892243874	0.5	-0.5
285	310	0.056782334384858045	0.10026385224274406	-0.043481517857886016	0	0.0018906423952256605	0.06668022892243874	-0.06668022892243874	0.5	-0.5
286	311	0.056782334384858045	0.10290237467018469	-0.046120040285326645	0	0.0021270581159201526	0.06668022892243874	-0.06668022892243874	0.5	-0.5
287	312	0.056782334384858045	0.10686015831134564	-0.050077823926487595	0	0.0025077884492122936	0.06668022892243874	-0.06668022892243874	0.5	-0.5
288	313	0.055205047318611984	0.10686015831134564	-0.051655110992733656	0	0.0026682504916716336	0.06668022892243874	-0.06668022892243874	0.5	-0.5
289	314	0.055205047318611984	0.10817941952506596	-0.05297437220645398	0	0.0028062841106679236	0.06668022892243874	-0.06668022892243874	0.5	-0.5
290	315	0.07255520504731862	0.12532981530343007	-0.05277461025611145	0	0.002785159487684464	0.06668022892243874	-0.06668022892243874	0.5	-0.5
291	316	0.11356466876971609	0.12928759894459102	-0.01572293017487493	0	0.0002472105332839926	0.06668022892243874	-0.06668022892243874	0.5	-0.5
292	317	0.11356466876971609	0.11081794195250659	0.0027467268172094994	0	7.544508208377827e-06	0.06668022892243874	-0.06668022892243874	0.5	-0.5
293	318	0.12302839116719243	0.10290237467018469	0.020126016497007737	0	0.0004050565400378276	0.06668022892243874	-0.06668022892243874	0.5	-0.5
294	319	0.1167192429022082	0.10686015831134564	0.009859084590862557	0	9.720154896978352e-05	0.06668022892243874	-0.06668022892243874	0.5	-0.5
295	320	0.12302839116719243	0.10949868073878628	0.013529710428406144	0	0.00018305306427652198	0.06668022892243874	-0.06668022892243874	0.5	-0.5
296	321	0.12302839116719243	0.10949868073878628	0.013529710428406144	0	0.00018305306427652198	0.06668022892243874	-0.06668022892243874	0.5	-0.5
297	322	0.12460567823343849	0.10949868073878628	0.015106997494652205	0	0.00022822137330342801	0.06668022892243874	-0.06668022892243874	0.5	-0.5
298	323	0.12302839116719243	0.10817941952506596	0.014848971642126466	0	0.00022049195882867595	0.06668022892243874	-0.06668022892243874	0.5	-0.5
299	324	0.138801261829653	0.11081794195250659	0.027983319877146404	0	0.000783066191346697	0.06668022892243874	-0.06668022892243874	0.5	-0.5
300	325	0.14826498422712933	0.11345646437994723	0.0348085198471821	0	0.0012116330539516701	0.06668022892243874	-0.06668022892243874	0.5	-0.5
301	326	0.15930599369085174	0.12005277044854881	0.03925322324230293	0	0.0015408155349100712	0.06668022892243874	-0.06668022892243874	0.5	-0.5
302	327	0.15930599369085174	0.11873350923482849	0.04057248445602325	0	0.0016461264949342485	0.06668022892243874	-0.06668022892243874	0.5	-0.5
303	328	0.167192429022082	0.1266490765171504	0.0405433525049316	0	0.0016437634323391436	0.06668022892243874	-0.06668022892243874	0.5	-0.5
304	329	0.167192429022082	0.12532981530343007	0.041862613718651936	0	0.0017524784273570653	0.06668022892243874	-0.06668022892243874	0.5	-0.5
305	330	0.16876971608832808	0.1279683377308707	0.04080137835745737	0	0.0016647524758683905	0.06668022892243874	-0.06668022892243874	0.5	-0.5
306	331	0.1719242902208202	0.12928759894459102	0.04263669127622918	0	0.0018178874429844777	0.06668022892243874	-0.06668022892243874	0.5	-0.5
307	332	0.1750788643533123	0.1358839050131926	0.039194959340119684	0	0.0015362448376736353	0.06668022892243874	-0.06668022892243874	0.5	-0.5
308	333	0.1750788643533123	0.14511873350923482	0.029960130844077476	0	0.0008976094401942426	0.06668022892243874	-0.06668022892243874	0.5	-0.5
309	334	0.17350157728706625	0.14511873350923482	0.02838284377783143	0	0.0008055858209167842	0.06668022892243874	-0.06668022892243874	0.5	-0.5
310	335	0.1750788643533123	0.1437994722955145	0.031279392057797784	0	0.0009784003675054232	0.06668022892243874	-0.06668022892243874	0.5	-0.5
311	336	0.18454258675078863	0.14511873350923482	0.03942385324155381	0	0.001554240204411573	0.06668022892243874	-0.06668022892243874	0.5	-0.5
312	337	0.19085173501577288	0.15303430079155672	0.037817434224216157	0	0.0014301583313029154	0.06668022892243874	-0.06668022892243874	0.5	-0.5
313	338	0.19085173501577288	0.15567282321899736	0.035178911796775514	0	0.0012375558352053114	0.06668022892243874	-0.06668022892243874	0.5	-0.5
314	339	0.19085173501577288	0.15435356200527706	0.03649817301049582	0	0.0013321166331040856	0.06668022892243874	-0.06668022892243874	0.5	-0.5
315	340	0.19085173501577288	0.15435356200527706	0.03649817301049582	0	0.0013321166331040856	0.06668022892243874	-0.06668022892243874	0.5	-0.5
316	341	0.19085173501577288	0.15435356200527706	0.03649817301049582	0	0.0013321166331040856	0.06668022892243874	-0.06668022892243874	0.5	-0.5
317	342	0.19085173501577288	0.15435356200527706	0.03649817301049582	0	0.0013321166331040856	0.06668022892243874	-0.06668022892243874	0.5	-0.5
318	343	0.19085173501577288	0.15435356200527706	0.03649817301049582	0	0.0013321166331040856	0.06668022892243874	-0.06668022892243874	0.5	-0.5
319	344	0.19873817034700317	0.1503957783641161	0.04834239198288706	0	0.002336986862627103	0.06668022892243874	-0.06668022892243874	0.5	-0.5
320	345	0.20031545741324921	0.13852242744063326	0.06179302997261596	0	0.0038183785531966143	0.06668022892243874	-0.06668022892243874	0.5	-0.5
321	346	0.20031545741324921	0.14116094986807387	0.059154507545175344	0	0.0034992557629122067	0.06668022892243874	-0.06668022892243874	0.5	-0.5
322	347	0.19873817034700317	0.1424802110817942	0.05625795926520896	0	0.003164957980685911	0.06668022892243874	-0.06668022892243874	0.5	-0.5
323	348	0.20031545741324921	0.1424802110817942	0.05783524633145501	0	0.00334491571822008	0.06668022892243874	-0.06668022892243874	0.5	-0.5
324	349	0.20031545741324921	0.14511873350923482	0.055196723904014394	0	0.003046678329735994	0.06668022892243874	-0.06668022892243874	0.5	-0.5
325	350	0.20031545741324921	0.14511873350923482	0.055196723904014394	0	0.003046678329735994	0.06668022892243874	-0.06668022892243874	0.5	-0.5
326	351	0.20189274447949526	0.14511873350923482	0.05677401097026044	0	0.003223288321651253	0.06668022892243874	-0.06668022892243874	0.5	-0.5
327	352	0.20031545741324921	0.14643799472295516	0.05387746269029406	0	0.0029027809859440284	0.06668022892243874	-0.06668022892243874	0.5	-0.5
328	353	0.20031545741324921	0.14643799472295516	0.05387746269029406	0	0.0029027809859440284	0.06668022892243874	-0.06668022892243874	0.5	-0.5
329	354	0.20031545741324921	0.1424802110817942	0.05783524633145501	0	0.00334491571822008	0.06668022892243874	-0.06668022892243874	0.5	-0.5
330	355	0.1971608832807571	0.14116094986807387	0.05599993341268322	0	0.003135992542224955	0.06668022892243874	-0.06668022892243874	0.5	-0.5
331	356	0.19400630914826497	0.13852242744063326	0.055483881707631716	0	0.0030784611293464695	0.06668022892243874	-0.06668022892243874	0.5	-0.5
332	357	0.18769716088328076	0.1345646437994723	0.05313251708380845	0	0.0028230643716611967	0.06668022892243874	-0.06668022892243874	0.5	-0.5
333	358	0.18454258675078863	0.1345646437994723	0.04997794295131633	0	0.0024977947816450293	0.06668022892243874	-0.06668022892243874	0.5	-0.5
334	359	0.18454258675078863	0.12269129287598944	0.06185129387479919	0	0.0038255825539867724	0.06668022892243874	-0.06668022892243874	0.5	-0.5
335	360	0.1829652996845426	0.12005277044854881	0.06291252923599377	0	0.003957986334869772	0.06668022892243874	-0.06668022892243874	0.5	-0.5
336	361	0.17823343848580442	0.11609498680738786	0.062138451678416556	0	0.003861187176990909	0.06668022892243874	-0.06668022892243874	0.5	-0.5
337	362	0.1750788643533123	0.11213720316622691	0.06294166118708538	0	0.003961652712989851	0.06668022892243874	-0.06668022892243874	0.5	-0.5
338	363	0.17665615141955837	0.12401055408970976	0.05264559732984861	0	0.002771558918216563	0.06668022892243874	-0.06668022892243874	0.5	-0.5
339	364	0.17665615141955837	0.12269129287598944	0.05396485854356893	0	0.0029122059576274046	0.06668022892243874	-0.06668022892243874	0.5	-0.5
340	365	0.1608832807570978	0.10686015831134564	0.05402312244575215	0	0.0029184977587887297	0.06668022892243874	-0.06668022892243874	0.5	-0.5
341	366	0.1167192429022082	0.10026385224274406	0.016455390659464136	0	0.00027077988175557954	0.06668022892243874	-0.06668022892243874	0.5	-0.5
342	367	0.1167192429022082	0.10422163588390501	0.012497607018303186	0	0.00015619018118394107	0.06668022892243874	-0.06668022892243874	0.5	-0.5
343	368	0.10883280757097792	0.10817941952506596	0.0006533880459119595	0	4.2691593854064895e-07	0.06668022892243874	-0.06668022892243874	0.5	-0.5
344	369	0.11356466876971609	0.10686015831134564	0.0067045104583704496	0	4.4950460486398736e-05	0.06668022892243874	-0.06668022892243874	0.5	-0.5
345	370	0.10883280757097792	0.10686015831134564	0.001972649259632281	0	3.891345101527786e-06	0.06668022892243874	-0.06668022892243874	0.5	-0.5
346	371	0.10725552050473186	0.10686015831134564	0.00039536219338622003	0	1.5631126395916285e-07	0.06668022892243874	-0.06668022892243874	0.5	-0.5
347	372	0.11198738170347003	0.11081794195250659	0.0011694397509634386	0	1.3675893311334293e-06	0.06668022892243874	-0.06668022892243874	0.5	-0.5
348	373	0.11041009463722397	0.11081794195250659	-0.0004078473152826223	0	1.6633943258324272e-07	0.06668022892243874	-0.06668022892243874	0.5	-0.5
349	374	0.09779179810725552	0.10817941952506596	-0.010387621417810439	0	0.00010790267871975414	0.06668022892243874	-0.06668022892243874	0.5	-0.5
350	375	0.08990536277602523	0.10686015831134564	-0.016954795535320408	0	0.00028746509164452084	0.06668022892243874	-0.06668022892243874	0.5	-0.5
351	376	0.07886435331230283	0.10026385224274406	-0.021399498930441227	0	0.0004579385544739552	0.06668022892243874	-0.06668022892243874	0.5	-0.5
352	377	0.07886435331230283	0.09894459102902374	-0.020080237716720906	0	0.0004032159467600208	0.06668022892243874	-0.06668022892243874	0.5	-0.5
353	378	0.07097791798107256	0.09102902374670185	-0.020051105765629296	0	0.0004020468424244524	0.06668022892243874	-0.06668022892243874	0.5	-0.5
354	379	0.07728706624605679	0.09102902374670185	-0.013741957500645066	0	0.0001888413959495352	0.06668022892243874	-0.06668022892243874	0.5	-0.5
355	380	0.07886435331230283	0.0870712401055409	-0.008206886793238069	0	6.735299083702544e-05	0.06668022892243874	-0.06668022892243874	0.5	-0.5
356	381	0.07570977917981073	0.08575197889182058	-0.010042199712009856	0	0.00010084577505589082	0.06668022892243874	-0.06668022892243874	0.5	-0.5
357	382	0.07570977917981073	0.08575197889182058	-0.010042199712009856	0	0.00010084577505589082	0.06668022892243874	-0.06668022892243874	0.5	-0.5
358	383	0.08517350157728706	0.08179419525065963	0.003379306326627432	0	1.1419711249184188e-05	0.06668022892243874	-0.06668022892243874	0.5	-0.5
359	384	0.08517350157728706	0.08179419525065963	0.003379306326627432	0	1.1419711249184188e-05	0.06668022892243874	-0.06668022892243874	0.5	-0.5
360	385	0.083596214511041	0.08179419525065963	0.0018020192603813712	0	3.247273414785424e-06	0.06668022892243874	-0.06668022892243874	0.5	-0.5
361	386	0.07728706624605679	0.08047493403693931	-0.003187867790882523	0	1.0162501052146219e-05	0.06668022892243874	-0.06668022892243874	0.5	-0.5
362	387	0.07097791798107256	0.07255936675461741	-0.0015814487735448524	0	2.5009802233465176e-06	0.06668022892243874	-0.06668022892243874	0.5	-0.5
363	388	0.07255520504731862	0.06992084432717678	0.0026343607201418373	0	6.939856403826219e-06	0.06668022892243874	-0.06668022892243874	0.5	-0.5
364	389	0.07255520504731862	0.06992084432717678	0.0026343607201418373	0	6.939856403826219e-06	0.06668022892243874	-0.06668022892243874	0.5	-0.5
365	390	0.07255520504731862	0.06992084432717678	0.0026343607201418373	0	6.939856403826219e-06	0.06668022892243874	-0.06668022892243874	0.5	-0.5
366	391	0.07413249211356467	0.06992084432717678	0.004211647786387884	0	1.7737977076585967e-05	0.06668022892243874	-0.06668022892243874	0.5	-0.5
367	392	0.07255520504731862	0.06992084432717678	0.0026343607201418373	0	6.939856403826219e-06	0.06668022892243874	-0.06668022892243874	0.5	-0.5
368	393	0.07413249211356467	0.0712401055408971	0.002892386572667563	0	8.36590008574761e-06	0.06668022892243874	-0.06668022892243874	0.5	-0.5
369	394	0.06624605678233439	0.07519788918205805	-0.008951832399723664	0	8.013530331274233e-05	0.06668022892243874	-0.06668022892243874	0.5	-0.5
370	395	0.06466876971608833	0.07519788918205805	-0.010529119465969725	0	0.00011086235672866258	0.06668022892243874	-0.06668022892243874	0.5	-0.5
371	396	0.06466876971608833	0.07255936675461741	-0.007890597038529082	0	6.226152162444392e-05	0.06668022892243874	-0.06668022892243874	0.5	-0.5
372	397	0.06624605678233439	0.07387862796833773	-0.007632571186003342	0	5.825614290940847e-05	0.06668022892243874	-0.06668022892243874	0.5	-0.5
373	398	0.06466876971608833	0.07387862796833773	-0.009209858252249403	0	8.482148902652643e-05	0.06668022892243874	-0.06668022892243874	0.5	-0.5
374	399	0.06466876971608833	0.0712401055408971	-0.006571335824808774	0	4.318245452241522e-05	0.06668022892243874	-0.06668022892243874	0.5	-0.5
375	400	0.06466876971608833	0.0712401055408971	-0.006571335824808774	0	4.318245452241522e-05	0.06668022892243874	-0.06668022892243874	0.5	-0.5
376	401	0.06309148264984227	0.06860158311345646	-0.005510100463614193	0	3.036120711912134e-05	0.06668022892243874	-0.06668022892243874	0.5	-0.5
377	402	0.06309148264984227	0.06728232189973615	-0.004190839249893885	0	1.756313361845114e-05	0.06668022892243874	-0.06668022892243874	0.5	-0.5
378	403	0.05993690851735016	0.06728232189973615	-0.007345413382385993	0	5.395509775813523e-05	0.06668022892243874	-0.06668022892243874	0.5	-0.5
379	404	0.05993690851735016	0.06728232189973615	-0.007345413382385993	0	5.395509775813523e-05	0.06668022892243874	-0.06668022892243874	0.5	-0.5
380	405	0.06624605678233439	0.06992084432717678	-0.0036747875448423922	0	1.3504063499728777e-05	0.06668022892243874	-0.06668022892243874	0.5	-0.5
381	406	0.0694006309148265	0.06860158311345646	0.000799047801370037	0	6.3847738887429e-07	0.06668022892243874	-0.06668022892243874	0.5	-0.5
382	407	0.0694006309148265	0.06728232189973615	0.0021183090150903444	0	4.487233083413025e-06	0.06668022892243874	-0.06668022892243874	0.5	-0.5
383	408	0.07413249211356467	0.06728232189973615	0.006850170213828513	0	4.692483195842338e-05	0.06668022892243874	-0.06668022892243874	0.5	-0.5
384	409	0.07413249211356467	0.06728232189973615	0.006850170213828513	0	4.692483195842338e-05	0.06668022892243874	-0.06668022892243874	0.5	-0.5
385	410	0.07255520504731862	0.06992084432717678	0.0026343607201418373	0	6.939856403826219e-06	0.06668022892243874	-0.06668022892243874	0.5	-0.5
386	411	0.07255520504731862	0.06992084432717678	0.0026343607201418373	0	6.939856403826219e-06	0.06668022892243874	-0.06668022892243874	0.5	-0.5
387	412	0.07413249211356467	0.06992084432717678	0.004211647786387884	0	1.7737977076585967e-05	0.06668022892243874	-0.06668022892243874	0.5	-0.5
388	413	0.07886435331230283	0.05804749340369393	0.020816859908608903	0	0.0004333416564546487	0.06668022892243874	-0.06668022892243874	0.5	-0.5
389	414	0.08517350157728706	0.05804749340369393	0.027126008173593133	0	0.0007358203194338415	0.06668022892243874	-0.06668022892243874	0.5	-0.5
390	415	0.083596214511041	0.05672823218997362	0.026867982321067387	0	0.0007218884740051897	0.06668022892243874	-0.06668022892243874	0.5	-0.5
391	416	0.08517350157728706	0.055408970976253295	0.02976453060103377	0	0.0008859272818998756	0.06668022892243874	-0.06668022892243874	0.5	-0.5
392	417	0.083596214511041	0.051451187335092345	0.03214502717594866	0	0.0010333027721424778	0.06668022892243874	-0.06668022892243874	0.5	-0.5
393	418	0.08201892744479496	0.04617414248021108	0.035844784964583876	0	0.0012848486091572584	0.06668022892243874	-0.06668022892243874	0.5	-0.5
394	419	0.08832807570977919	0.044854881266490766	0.04347319444328842	0	0.001889918635103963	0.06668022892243874	-0.06668022892243874	0.5	-0.5
395	420	0.08675078864353312	0.055408970976253295	0.03134181766727983	0	0.000982309534689014	0.06668022892243874	-0.06668022892243874	0.5	-0.5
396	421	0.08675078864353312	0.05672823218997362	0.030022556453559508	0	0.0009013538960071677	0.06668022892243874	-0.06668022892243874	0.5	-0.5
397	422	0.0804416403785489	0.052770448548812667	0.02767119182973623	0	0.0007656948572780611	0.06668022892243874	-0.06668022892243874	0.5	-0.5
398	423	0.08201892744479496	0.05408970976253298	0.027929217682261975	0	0.000780041200343175	0.06668022892243874	-0.06668022892243874	0.5	-0.5
399	424	0.07886435331230283	0.059366754617414245	0.01949759869488859	0	0.0003801563548669212	0.06668022892243874	-0.06668022892243874	0.5	-0.5
400	425	0.07886435331230283	0.05804749340369393	0.020816859908608903	0	0.0004333416564546487	0.06668022892243874	-0.06668022892243874	0.5	-0.5
401	426	0.08201892744479496	0.05804749340369393	0.023971434041101025	0	0.000574629649986857	0.06668022892243874	-0.06668022892243874	0.5	-0.5
402	427	0.09305993690851735	0.059366754617414245	0.03369318229110311	0	0.001135230532901504	0.06668022892243874	-0.06668022892243874	0.5	-0.5
403	428	0.09305993690851735	0.059366754617414245	0.03369318229110311	0	0.001135230532901504	0.06668022892243874	-0.06668022892243874	0.5	-0.5
404	429	0.08675078864353312	0.059366754617414245	0.02738403402611888	0	0.0007498853195436366	0.06668022892243874	-0.06668022892243874	0.5	-0.5
405	430	0.083596214511041	0.059366754617414245	0.024229459893626758	0	0.0005870667267368675	0.06668022892243874	-0.06668022892243874	0.5	-0.5
406	431	0.08675078864353312	0.059366754617414245	0.02738403402611888	0	0.0007498853195436366	0.06668022892243874	-0.06668022892243874	0.5	-0.5
407	432	0.08517350157728706	0.052770448548812667	0.0324030530284744	0	0.0010499578455661239	0.06668022892243874	-0.06668022892243874	0.5	-0.5
408	433	0.07413249211356467	0.047493403693931395	0.02663908841963327	0	0.0007096410318290394	0.06668022892243874	-0.06668022892243874	0.5	-0.5
409	434	0.07413249211356467	0.047493403693931395	0.02663908841963327	0	0.0007096410318290394	0.06668022892243874	-0.06668022892243874	0.5	-0.5
410	435	0.07413249211356467	0.05408970976253298	0.020042782351031685	0	0.0004017131243708272	0.06668022892243874	-0.06668022892243874	0.5	-0.5
411	436	0.07255520504731862	0.05672823218997362	0.015826972857345002	0	0.0002504930698271354	0.06668022892243874	-0.06668022892243874	0.5	-0.5
412	437	0.07255520504731862	0.059366754617414245	0.013188450429904373	0	0.00017393522474204486	0.06668022892243874	-0.06668022892243874	0.5	-0.5
413	438	0.09936908517350158	0.06992084432717678	0.029448240846324802	0	0.0008671988889431525	0.06668022892243874	-0.06668022892243874	0.5	-0.5
414	439	0.12302839116719243	0.08839050131926121	0.034637889847931216	0	0.0011997834131174164	0.06668022892243874	-0.06668022892243874	0.5	-0.5
415	440	0.12302839116719243	0.08839050131926121	0.034637889847931216	0	0.0011997834131174164	0.06668022892243874	-0.06668022892243874	0.5	-0.5
416	441	0.12302839116719243	0.08839050131926121	0.034637889847931216	0	0.0011997834131174164	0.06668022892243874	-0.06668022892243874	0.5	-0.5
417	442	0.12302839116719243	0.09630606860158311	0.026722322565609316	0	0.0007140825233004728	0.06668022892243874	-0.06668022892243874	0.5	-0.5
418	443	0.12618296529968454	0.09498680738786279	0.031196157911821745	0	0.0009732002684593185	0.06668022892243874	-0.06668022892243874	0.5	-0.5
419	444	0.12618296529968454	0.09102902374670185	0.03515394155298268	0	0.0012357996067105224	0.06668022892243874	-0.06668022892243874	0.5	-0.5
420	445	0.1277602523659306	0.09234828496042216	0.03541196740550845	0	0.0012540074355287928	0.06668022892243874	-0.06668022892243874	0.5	-0.5
421	446	0.12933753943217666	0.09234828496042216	0.036989254471754496	0	0.0013682049463762099	0.06668022892243874	-0.06668022892243874	0.5	-0.5
422	447	0.13564668769716087	0.09366754617414248	0.04197914152301839	0	0.0017622483230096068	0.06668022892243874	-0.06668022892243874	0.5	-0.5
423	448	0.15772870662460567	0.10026385224274406	0.05746485438186161	0	0.0033022094891285592	0.06668022892243874	-0.06668022892243874	0.5	-0.5
424	449	0.15772870662460567	0.10158311345646438	0.056145593168141286	0	0.0031523276322024335	0.06668022892243874	-0.06668022892243874	0.5	-0.5
425	450	0.1608832807570978	0.10554089709762533	0.05534238365947246	0	0.0030627794291122443	0.06668022892243874	-0.06668022892243874	0.5	-0.5
426	451	0.16246056782334384	0.10422163588390501	0.058238931939438826	0	0.003391773193446588	0.06668022892243874	-0.06668022892243874	0.5	-0.5
427	452	0.167192429022082	0.11081794195250659	0.056374487069575416	0	0.003178082792357726	0.06668022892243874	-0.06668022892243874	0.5	-0.5
428	453	0.1719242902208202	0.11213720316622691	0.05978708705459329	0	0.0035744957784735166	0.06668022892243874	-0.06668022892243874	0.5	-0.5
429	454	0.1719242902208202	0.11213720316622691	0.05978708705459329	0	0.0035744957784735166	0.06668022892243874	-0.06668022892243874	0.5	-0.5
430	455	0.167192429022082	0.10949868073878628	0.05769374828329572	0	0.0033285685909762884	0.06668022892243874	-0.06668022892243874	0.5	-0.5
431	456	0.1750788643533123	0.1266490765171504	0.04842978783616189	0	0.0023454443498556543	0.06668022892243874	-0.06668022892243874	0.5	-0.5
432	457	0.18454258675078863	0.1424802110817942	0.04206237566899443	0	0.0017692434469196146	0.06668022892243874	-0.06668022892243874	0.5	-0.5
433	458	0.17981072555205047	0.14511873350923482	0.034691992042815645	0	0.001203534311898784	0.06668022892243874	-0.06668022892243874	0.5	-0.5
434	459	0.1861198738170347	0.14907651715039577	0.03704335666663894	0	0.0013722102731318234	0.06668022892243874	-0.06668022892243874	0.5	-0.5
435	460	0.19558359621451105	0.158311345646438	0.03727225056807304	0	0.001389220662409221	0.06668022892243874	-0.06668022892243874	0.5	-0.5
436	461	0.20031545741324921	0.16754617414248021	0.032769283270769	0	0.0010738259260799012	0.06668022892243874	-0.06668022892243874	0.5	-0.5
437	462	0.20031545741324921	0.17150395778364116	0.02881149962960805	0	0.0008301025109069049	0.06668022892243874	-0.06668022892243874	0.5	-0.5
438	463	0.19400630914826497	0.17678100263852242	0.01722530650974255	0	0.00029671118435457903	0.06668022892243874	-0.06668022892243874	0.5	-0.5
439	464	0.18769716088328076	0.17678100263852242	0.010916158244758334	0	0.00011916251082460535	0.06668022892243874	-0.06668022892243874	0.5	-0.5
440	465	0.19242902208201892	0.18337730870712401	0.00905171337489491	0	8.19335150212514e-05	0.06668022892243874	-0.06668022892243874	0.5	-0.5
441	466	0.19242902208201892	0.18997361477572558	0.0024554073062933446	0	6.029025039798739e-06	0.06668022892243874	-0.06668022892243874	0.5	-0.5
442	467	0.19242902208201892	0.20052770448548812	-0.008098682403469198	0	6.558865667226163e-05	0.06668022892243874	-0.06668022892243874	0.5	-0.5
443	468	0.19558359621451105	0.20184696569920843	-0.006263369484697384	0	3.9229797301838375e-05	0.06668022892243874	-0.06668022892243874	0.5	-0.5
444	469	0.18454258675078863	0.19920844327176782	-0.014665856520979181	0	0.00021508734749394758	0.06668022892243874	-0.06668022892243874	0.5	-0.5
445	470	0.1861198738170347	0.18601583113456466	0.00010404268247005133	0	1.0824879775563926e-08	0.06668022892243874	-0.06668022892243874	0.5	-0.5
446	471	0.1861198738170347	0.18997361477572558	-0.003853740958690871	0	1.4851319376691633e-05	0.06668022892243874	-0.06668022892243874	0.5	-0.5
447	472	0.18769716088328076	0.19788918205804748	-0.010192021174766724	0	0.00010387729562689328	0.06668022892243874	-0.06668022892243874	0.5	-0.5
448	473	0.1861198738170347	0.19656992084432717	-0.010450047027292464	0	0.00010920348287262407	0.06668022892243874	-0.06668022892243874	0.5	-0.5
449	474	0.19242902208201892	0.21372031662269128	-0.021291294540672356	0	0.0004533192232176645	0.06668022892243874	-0.06668022892243874	0.5	-0.5
450	475	0.19873817034700317	0.24010554089709762	-0.04136737055009446	0	0.0017112593462288222	0.06668022892243874	-0.06668022892243874	0.5	-0.5
451	476	0.19873817034700317	0.24802110817941952	-0.04928293783241636	0	0.0024288079613938155	0.06668022892243874	-0.06668022892243874	0.5	-0.5
452	477	0.18769716088328076	0.24406332453825857	-0.05636616365497782	0	0.0031771444051797424	0.06668022892243874	-0.06668022892243874	0.5	-0.5
453	478	0.1892744479495268	0.24406332453825857	-0.05478887658873177	0	0.0030018209978552803	0.06668022892243874	-0.06668022892243874	0.5	-0.5
454	479	0.1892744479495268	0.24538258575197888	-0.05610813780245208	0	0.003148123127658952	0.06668022892243874	-0.06668022892243874	0.5	-0.5
455	480	0.19085173501577288	0.24670184696569922	-0.05585011194992634	0	0.003119235004819305	0.06668022892243874	-0.06668022892243874	0.5	-0.5
456	481	0.19085173501577288	0.24802110817941952	-0.05716937316364665	0	0.0032683372279242815	0.06668022892243874	-0.06668022892243874	0.5	-0.5
457	482	0.19085173501577288	0.24802110817941952	-0.05716937316364665	0	0.0032683372279242815	0.06668022892243874	-0.06668022892243874	0.5	-0.5
458	483	0.19242902208201892	0.24802110817941952	-0.0555920860974006	0	0.003090480036660801	0.06668022892243874	-0.06668022892243874	0.5	-0.5
459	484	0.19558359621451105	0.2546174142480211	-0.059033818033510044	0	0.0034849916716135757	0.06668022892243874	-0.06668022892243874	0.5	-0.5
460	485	0.1971608832807571	0.24802110817941952	-0.05086022489866243	0	0.002586762476742522	0.06668022892243874	-0.06668022892243874	0.5	-0.5
461	486	0.19558359621451105	0.24538258575197888	-0.049798989537467836	0	0.002479939358952831	0.06668022892243874	-0.06668022892243874	0.5	-0.5
462	487	0.19873817034700317	0.24274406332453827	-0.0440058929775351	0	0.001936518616750273	0.06668022892243874	-0.06668022892243874	0.5	-0.5
463	488	0.1719242902208202	0.23087071240105542	-0.058946422180235214	0	0.003474680687850526	0.06668022892243874	-0.06668022892243874	0.5	-0.5
464	489	0.14826498422712933	0.21240105540897097	-0.06413607118184164	0	0.0041134356266422575	0.06668022892243874	-0.06668022892243874	0.5	-0.5
465	490	0.1529968454258675	0.21240105540897097	-0.05940420998310347	0	0.0035288601637166505	0.06668022892243874	-0.06668022892243874	0.5	-0.5
466	491	0.15141955835962145	0.21240105540897097	-0.06098149704934952	0	0.0037187429823798243	0.06668022892243874	-0.06668022892243874	0.5	-0.5
467	492	0.15615141955835962	0.20580474934036938	-0.04965332978200976	0	0.002465453158441017	0.06668022892243874	-0.06668022892243874	0.5	-0.5
468	493	0.15141955835962145	0.20580474934036938	-0.05438519098074793	0	0.002957748998012426	0.06668022892243874	-0.06668022892243874	0.5	-0.5
469	494	0.1529968454258675	0.20580474934036938	-0.05280790391450188	0	0.002788674715843263	0.06668022892243874	-0.06668022892243874	0.5	-0.5
470	495	0.15141955835962145	0.20448548812664907	-0.05306592976702762	0	0.002815992902039108	0.06668022892243874	-0.06668022892243874	0.5	-0.5
471	496	0.15141955835962145	0.20448548812664907	-0.05306592976702762	0	0.002815992902039108	0.06668022892243874	-0.06668022892243874	0.5	-0.5
472	497	0.14511041009463724	0.20052770448548812	-0.055417294390850885	0	0.003071076517602233	0.06668022892243874	-0.06668022892243874	0.5	-0.5
473	498	0.1277602523659306	0.19393139841688653	-0.06617114605095592	0	0.0043786205696969395	0.06668022892243874	-0.06668022892243874	0.5	-0.5
474	499	0.1277602523659306	0.19920844327176782	-0.0714481909058372	0	0.005104843983716958	0.06668022892243874	-0.06668022892243874	0.5	-0.5
475	500	0.1309148264984227	0.19920844327176782	-0.06829361677334511	0	0.004664018091984525	0.06668022892243874	-0.06668022892243874	0.5	-0.5
476	501	0.12933753943217666	0.20052770448548812	-0.07119016505331147	0	0.005068039600317729	0.06668022892243874	-0.06668022892243874	0.5	-0.5
477	502	0.12460567823343849	0.19393139841688653	-0.06932572018344804	0	0.004806055478953735	0.06668022892243874	-0.06668022892243874	0.5	-0.5
478	503	0.11987381703470032	0.19261213720316622	-0.0727383201684659	0	0.005290863220930254	0.06668022892243874	-0.06668022892243874	0.5	-0.5
479	504	0.1277602523659306	0.19393139841688653	-0.06617114605095592	0	0.0043786205696969395	0.06668022892243874	-0.06668022892243874	0.5	-0.5
480	505	0.12618296529968454	0.19393139841688653	-0.067748433117202	0	0.004589850189835992	0.06668022892243874	-0.06668022892243874	0.5	-0.5
481	506	0.11514195583596215	0.17941952506596306	-0.06427756923000091	0	0.00413160590611756	0.06668022892243874	-0.06668022892243874	0.5	-0.5
482	507	0.1056782334384858	0.16358839050131926	-0.057910157062833464	0	0.0033535862910420407	0.06668022892243874	-0.06668022892243874	0.5	-0.5
483	508	0.10725552050473186	0.16886543535620052	-0.06160991485146866	0	0.003795781608005219	0.06668022892243874	-0.06668022892243874	0.5	-0.5
484	509	0.10094637223974763	0.16490765171503957	-0.06396127947529194	0	0.004091045272116402	0.06668022892243874	-0.06668022892243874	0.5	-0.5
485	510	0.0946372239747634	0.15303430079155672	-0.05839707681679332	0	0.0034102185807464596	0.06668022892243874	-0.06668022892243874	0.5	-0.5
486	511	0.09305993690851735	0.1437994722955145	-0.05073953538699716	0	0.002574500451288337	0.06668022892243874	-0.06668022892243874	0.5	-0.5
487	512	0.0914826498422713	0.13984168865435356	-0.04835903881208227	0	0.0023385966348284794	0.06668022892243874	-0.06668022892243874	0.5	-0.5
488	513	0.0914826498422713	0.1345646437994723	-0.04308199395720101	0	0.0018560582033283046	0.06668022892243874	-0.06668022892243874	0.5	-0.5
489	514	0.0914826498422713	0.1345646437994723	-0.04308199395720101	0	0.0018560582033283046	0.06668022892243874	-0.06668022892243874	0.5	-0.5
490	515	0.08832807570977919	0.13060686015831136	-0.04227878444853217	0	0.0017874956144454455	0.06668022892243874	-0.06668022892243874	0.5	-0.5
491	516	0.08990536277602523	0.12401055408970976	-0.03410519131368453	0	0.0011631640745430227	0.06668022892243874	-0.06668022892243874	0.5	-0.5
492	517	0.0914826498422713	0.11345646437994723	-0.02197381453767594	0	0.0004828485253361785	0.06668022892243874	-0.06668022892243874	0.5	-0.5
493	518	0.08832807570977919	0.11345646437994723	-0.025128388670168048	0	0.0006314359171590299	0.06668022892243874	-0.06668022892243874	0.5	-0.5
494	519	0.08832807570977919	0.11345646437994723	-0.025128388670168048	0	0.0006314359171590299	0.06668022892243874	-0.06668022892243874	0.5	-0.5
495	520	0.08675078864353312	0.11345646437994723	-0.02670567573641411	0	0.0007131931165384973	0.06668022892243874	-0.06668022892243874	0.5	-0.5
496	521	0.08990536277602523	0.10817941952506596	-0.01827405674904073	0	0.00033394115006716104	0.06668022892243874	-0.06668022892243874	0.5	-0.5
497	522	0.08832807570977919	0.10026385224274406	-0.011935776532964876	0	0.00014246276144487503	0.06668022892243874	-0.06668022892243874	0.5	-0.5
498	523	0.08990536277602523	0.10554089709762533	-0.0156355343216001	0	0.0002444699335219347	0.06668022892243874	-0.06668022892243874	0.5	-0.5
499	524	0.083596214511041	0.08311345646437995	0.0004827580466610498	0	2.3305533161599235e-07	0.06668022892243874	-0.06668022892243874	0.5	-0.5
500	525	0.07570977917981073	0.05672823218997362	0.01898154698983711	0	0.00036029912612739424	0.06668022892243874	-0.06668022892243874	0.5	-0.5
501	526	0.07413249211356467	0.052770448548812667	0.021362043564752	0	0.0004563369052623623	0.06668022892243874	-0.06668022892243874	0.5	-0.5
502	527	0.07255520504731862	0.052770448548812667	0.019784756498505952	0	0.0003914365897051735	0.06668022892243874	-0.06668022892243874	0.5	-0.5
503	528	0.07097791798107256	0.052770448548812667	0.01820746943225989	0	0.00033151194312667836	0.06668022892243874	-0.06668022892243874	0.5	-0.5
504	529	0.07255520504731862	0.051451187335092345	0.021104017712226274	0	0.00044537956359796027	0.06668022892243874	-0.06668022892243874	0.5	-0.5
505	530	0.07728706624605679	0.055408970976253295	0.021878095269803492	0	0.00047865105263459793	0.06668022892243874	-0.06668022892243874	0.5	-0.5
506	531	0.08517350157728706	0.055408970976253295	0.02976453060103377	0	0.0008859272818998756	0.06668022892243874	-0.06668022892243874	0.5	-0.5
507	532	0.083596214511041	0.055408970976253295	0.028187243534787708	0	0.0007945206980894315	0.06668022892243874	-0.06668022892243874	0.5	-0.5
508	533	0.08201892744479496	0.055408970976253295	0.02660995646854166	0	0.0007080897832576822	0.06668022892243874	-0.06668022892243874	0.5	-0.5
509	534	0.0804416403785489	0.048812664907651716	0.03162897547089718	0	0.0010003920893386154	0.06668022892243874	-0.06668022892243874	0.5	-0.5
510	535	0.07886435331230283	0.048812664907651716	0.030051688404651118	0	0.0009031039759702425	0.06668022892243874	-0.06668022892243874	0.5	-0.5
511	536	0.0804416403785489	0.048812664907651716	0.03162897547089718	0	0.0010003920893386154	0.06668022892243874	-0.06668022892243874	0.5	-0.5
512	537	0.07886435331230283	0.06728232189973615	0.011582031412566682	0	0.00013414345164168136	0.06668022892243874	-0.06668022892243874	0.5	-0.5
513	538	0.08675078864353312	0.07255936675461741	0.014191421888915715	0	0.00020139645522919606	0.06668022892243874	-0.06668022892243874	0.5	-0.5
514	539	0.08675078864353312	0.07255936675461741	0.014191421888915715	0	0.00020139645522919606	0.06668022892243874	-0.06668022892243874	0.5	-0.5
515	540	0.08990536277602523	0.07387862796833773	0.0160267348076875	0	0.0002568562285959421	0.06668022892243874	-0.06668022892243874	0.5	-0.5
516	541	0.0914826498422713	0.07387862796833773	0.017604021873933562	0	0.00030990158613793134	0.06668022892243874	-0.06668022892243874	0.5	-0.5
517	542	0.08832807570977919	0.07255936675461741	0.015768708955161775	0	0.0002486521821125992	0.06668022892243874	-0.06668022892243874	0.5	-0.5
518	543	0.08832807570977919	0.07255936675461741	0.015768708955161775	0	0.0002486521821125992	0.06668022892243874	-0.06668022892243874	0.5	-0.5
519	544	0.08675078864353312	0.07255936675461741	0.014191421888915715	0	0.00020139645522919606	0.06668022892243874	-0.06668022892243874	0.5	-0.5
520	545	0.08675078864353312	0.07255936675461741	0.014191421888915715	0	0.00020139645522919606	0.06668022892243874	-0.06668022892243874	0.5	-0.5
521	546	0.08517350157728706	0.07519788918205805	0.009975612395229011	0	9.951284265984669e-05	0.06668022892243874	-0.06668022892243874	0.5	-0.5
522	547	0.083596214511041	0.07519788918205805	0.00839832532898295	0	7.053186833143657e-05	0.06668022892243874	-0.06668022892243874	0.5	-0.5
523	548	0.07886435331230283	0.07519788918205805	0.0036664641302447815	0	1.3442959218371622e-05	0.06668022892243874	-0.06668022892243874	0.5	-0.5
524	549	0.07886435331230283	0.06860158311345646	0.010262770198846374	0	0.00010532445215432925	0.06668022892243874	-0.06668022892243874	0.5	-0.5
525	550	0.07570977917981073	0.06596306068601583	0.009746718493794895	0	9.499852139728344e-05	0.06668022892243874	-0.06668022892243874	0.5	-0.5
526	551	0.07570977917981073	0.06464379947229551	0.011065979707515217	0	0.00012245590688713857	0.06668022892243874	-0.06668022892243874	0.5	-0.5
527	552	0.07728706624605679	0.06464379947229551	0.012643266773761277	0	0.0001598521947124959	0.06668022892243874	-0.06668022892243874	0.5	-0.5
528	553	0.0804416403785489	0.06464379947229551	0.015797840906253385	0	0.0002495717772992928	0.06668022892243874	-0.06668022892243874	0.5	-0.5
529	554	0.07255520504731862	0.0633245382585752	0.009230666788743416	0	8.52052093648107e-05	0.06668022892243874	-0.06668022892243874	0.5	-0.5
530	555	0.07255520504731862	0.0633245382585752	0.009230666788743416	0	8.52052093648107e-05	0.06668022892243874	-0.06668022892243874	0.5	-0.5
531	556	0.07255520504731862	0.0633245382585752	0.009230666788743416	0	8.52052093648107e-05	0.06668022892243874	-0.06668022892243874	0.5	-0.5
532	557	0.07570977917981073	0.0633245382585752	0.012385240921235524	0	0.00015339419267704698	0.06668022892243874	-0.06668022892243874	0.5	-0.5
533	558	0.07728706624605679	0.055408970976253295	0.021878095269803492	0	0.00047865105263459793	0.06668022892243874	-0.06668022892243874	0.5	-0.5
534	559	0.07728706624605679	0.055408970976253295	0.021878095269803492	0	0.00047865105263459793	0.06668022892243874	-0.06668022892243874	0.5	-0.5
535	560	0.07413249211356467	0.05672823218997362	0.01740425992359105	0	0.00030290826348791753	0.06668022892243874	-0.06668022892243874	0.5	-0.5
536	561	0.07570977917981073	0.0633245382585752	0.012385240921235524	0	0.00015339419267704698	0.06668022892243874	-0.06668022892243874	0.5	-0.5
537	562	0.07570977917981073	0.0633245382585752	0.012385240921235524	0	0.00015339419267704698	0.06668022892243874	-0.06668022892243874	0.5	-0.5
538	563	0.07570977917981073	0.06464379947229551	0.011065979707515217	0	0.00012245590688713857	0.06668022892243874	-0.06668022892243874	0.5	-0.5
539	564	0.07570977917981073	0.06596306068601583	0.009746718493794895	0	9.499852139728344e-05	0.06668022892243874	-0.06668022892243874	0.5	-0.5
540	565	0.07570977917981073	0.0633245382585752	0.012385240921235524	0	0.00015339419267704698	0.06668022892243874	-0.06668022892243874	0.5	-0.5
541	566	0.07255520504731862	0.0633245382585752	0.009230666788743416	0	8.52052093648107e-05	0.06668022892243874	-0.06668022892243874	0.5	-0.5
542	567	0.07097791798107256	0.06464379947229551	0.006334118508777048	0	4.0121057283231975e-05	0.06668022892243874	-0.06668022892243874	0.5	-0.5
543	568	0.07097791798107256	0.06992084432717678	0.0010570736538957765	0	1.1174047097605677e-06	0.06668022892243874	-0.06668022892243874	0.5	-0.5
544	569	0.07097791798107256	0.06992084432717678	0.0010570736538957765	0	1.1174047097605677e-06	0.06668022892243874	-0.06668022892243874	0.5	-0.5
545	570	0.07097791798107256	0.06992084432717678	0.0010570736538957765	0	1.1174047097605677e-06	0.06668022892243874	-0.06668022892243874	0.5	-0.5
546	571	0.06782334384858044	0.06992084432717678	-0.0020975004785963453	0	4.399508257711897e-06	0.06668022892243874	-0.06668022892243874	0.5	-0.5
547	572	0.06782334384858044	0.0712401055408971	-0.0034167616923166666	0	1.1674260462082651e-05	0.06668022892243874	-0.06668022892243874	0.5	-0.5
548	573	0.06624605678233439	0.06596306068601583	0.00028299609631855793	0	8.008679053154252e-08	0.06668022892243874	-0.06668022892243874	0.5	-0.5
549	574	0.06624605678233439	0.06728232189973615	-0.0010362651174017634	0	1.0738453935436906e-06	0.06668022892243874	-0.06668022892243874	0.5	-0.5
550	575	0.06624605678233439	0.06728232189973615	-0.0010362651174017634	0	1.0738453935436906e-06	0.06668022892243874	-0.06668022892243874	0.5	-0.5
551	576	0.06624605678233439	0.0633245382585752	0.0029215185237591867	0	8.535270484668059e-06	0.06668022892243874	-0.06668022892243874	0.5	-0.5
552	577	0.06624605678233439	0.0633245382585752	0.0029215185237591867	0	8.535270484668059e-06	0.06668022892243874	-0.06668022892243874	0.5	-0.5
553	578	0.06782334384858044	0.0633245382585752	0.004498805590005234	0	2.023925173666234e-05	0.06668022892243874	-0.06668022892243874	0.5	-0.5
554	579	0.06624605678233439	0.0633245382585752	0.0029215185237591867	0	8.535270484668059e-06	0.06668022892243874	-0.06668022892243874	0.5	-0.5
555	580	0.05993690851735016	0.05804749340369393	0.0018894151136562287	0	3.5698894717125795e-06	0.06668022892243874	-0.06668022892243874	0.5	-0.5
556	581	0.04889589905362776	0.05672823218997362	-0.007832333136345855	0	6.13454423587013e-05	0.06668022892243874	-0.06668022892243874	0.5	-0.5
557	582	0.052050473186119876	0.05804749340369393	-0.005997020217574055	0	3.596425148999196e-05	0.06668022892243874	-0.06668022892243874	0.5	-0.5
558	583	0.052050473186119876	0.05804749340369393	-0.005997020217574055	0	3.596425148999196e-05	0.06668022892243874	-0.06668022892243874	0.5	-0.5
559	584	0.050473186119873815	0.05804749340369393	-0.007574307283820116	0	5.737013082973046e-05	0.06668022892243874	-0.06668022892243874	0.5	-0.5
560	585	0.052050473186119876	0.05804749340369393	-0.005997020217574055	0	3.596425148999196e-05	0.06668022892243874	-0.06668022892243874	0.5	-0.5
561	586	0.050473186119873815	0.05804749340369393	-0.007574307283820116	0	5.737013082973046e-05	0.06668022892243874	-0.06668022892243874	0.5	-0.5
562	587	0.04889589905362776	0.0395778364116095	0.00931806264201826	0	8.682629140057632e-05	0.06668022892243874	-0.06668022892243874	0.5	-0.5
563	588	0.03943217665615142	0.03430079155672823	0.005131385099423187	0	2.6331113038582312e-05	0.06668022892243874	-0.06668022892243874	0.5	-0.5
564	589	0.03943217665615142	0.03430079155672823	0.005131385099423187	0	2.6331113038582312e-05	0.06668022892243874	-0.06668022892243874	0.5	-0.5
565	590	0.033123028391167195	0.032981530343007916	0.00014149804815927897	0	2.002169763288563e-08	0.06668022892243874	-0.06668022892243874	0.5	-0.5
566	591	0.033123028391167195	0.032981530343007916	0.00014149804815927897	0	2.002169763288563e-08	0.06668022892243874	-0.06668022892243874	0.5	-0.5
567	592	0.031545741324921134	0.032981530343007916	-0.0014357890180867819	0	2.0614901044586054e-06	0.06668022892243874	-0.06668022892243874	0.5	-0.5
568	593	0.03470031545741325	0.032981530343007916	0.0017187851144053329	0	2.954222269501353e-06	0.06668022892243874	-0.06668022892243874	0.5	-0.5
569	594	0.03470031545741325	0.032981530343007916	0.0017187851144053329	0	2.954222269501353e-06	0.06668022892243874	-0.06668022892243874	0.5	-0.5
570	595	0.03470031545741325	0.032981530343007916	0.0017187851144053329	0	2.954222269501353e-06	0.06668022892243874	-0.06668022892243874	0.5	-0.5
571	596	0.03627760252365931	0.030343007915567283	0.005934594608092026	0	3.5219413162394945e-05	0.06668022892243874	-0.06668022892243874	0.5	-0.5
572	597	0.03627760252365931	0.030343007915567283	0.005934594608092026	0	3.5219413162394945e-05	0.06668022892243874	-0.06668022892243874	0.5	-0.5
573	598	0.03627760252365931	0.030343007915567283	0.005934594608092026	0	3.5219413162394945e-05	0.06668022892243874	-0.06668022892243874	0.5	-0.5
574	599	0.03627760252365931	0.030343007915567283	0.005934594608092026	0	3.5219413162394945e-05	0.06668022892243874	-0.06668022892243874	0.5	-0.5
575	600	0.03470031545741325	0.029023746701846966	0.005676568755566283	0	3.222343283667134e-05	0.06668022892243874	-0.06668022892243874	0.5	-0.5
576	601	0.03470031545741325	0.029023746701846966	0.005676568755566283	0	3.222343283667134e-05	0.06668022892243874	-0.06668022892243874	0.5	-0.5
577	602	0.033123028391167195	0.029023746701846966	0.004099281689320229	0	1.680411036839611e-05	0.06668022892243874	-0.06668022892243874	0.5	-0.5
578	603	0.031545741324921134	0.029023746701846966	0.0025219946230741683	0	6.360456878815016e-06	0.06668022892243874	-0.06668022892243874	0.5	-0.5
579	604	0.031545741324921134	0.029023746701846966	0.0025219946230741683	0	6.360456878815016e-06	0.06668022892243874	-0.06668022892243874	0.5	-0.5
580	605	0.03470031545741325	0.029023746701846966	0.005676568755566283	0	3.222343283667134e-05	0.06668022892243874	-0.06668022892243874	0.5	-0.5
581	606	0.03470031545741325	0.026385224274406333	0.008315091183006915	0	6.914074138171934e-05	0.06668022892243874	-0.06668022892243874	0.5	-0.5
582	607	0.031545741324921134	0.026385224274406333	0.0051605170505148006	0	2.6630936228653977e-05	0.06668022892243874	-0.06668022892243874	0.5	-0.5
583	608	0.028391167192429023	0.022427440633245383	0.005963726559183639	0	3.556603447271233e-05	0.06668022892243874	-0.06668022892243874	0.5	-0.5
584	609	0.028391167192429023	0.022427440633245383	0.005963726559183639	0	3.556603447271233e-05	0.06668022892243874	-0.06668022892243874	0.5	-0.5
585	610	0.028391167192429023	0.021108179419525065	0.007282987772903957	0	5.3041910900268546e-05	0.06668022892243874	-0.06668022892243874	0.5	-0.5
586	611	0.02365930599369085	0.014511873350923483	0.009147432642767368	0	8.367552395396599e-05	0.06668022892243874	-0.06668022892243874	0.5	-0.5
587	612	0.02365930599369085	0.014511873350923483	0.009147432642767368	0	8.367552395396599e-05	0.06668022892243874	-0.06668022892243874	0.5	-0.5
588	613	0.025236593059936908	0.013192612137203167	0.012043980922733741	0	0.00014505747646717429	0.06668022892243874	-0.06668022892243874	0.5	-0.5
